1520530734450154240.000000 0.043655854 -0.070652381 0.050000809 0.007959573 0.001520032 0.999953508 -0.005212398
1520530737350260736.000000 -0.456148028 -0.059725661 0.173113734 0.040119503 0.009779576 0.989922106 0.135453358
1520530740100322048.000000 0.981089354 -0.501494527 0.189331308 -0.021318590 -0.013109912 0.997101307 -0.071837604
1520530742900612864.000000 -0.707777023 0.135530680 0.263662964 0.072656274 -0.069613822 0.991798341 0.078796878
1520530745850825984.000000 0.545293808 -0.159519672 0.151168287 0.088294700 0.033266697 0.930361211 0.354293138
1520530748251277568.000000 -0.179222405 -0.074848600 0.250784159 0.001712688 -0.059960257 0.917028069 -0.394283444
1520530750600647168.000000 -0.102546275 -0.004646473 0.245520592 0.016725207 0.019020516 0.992623329 0.118556380
1520530753451560704.000000 1.473337054 0.186798990 0.199015945 -0.153447792 0.025943153 0.972773135 -0.171731889
1520530756101239040.000000 -0.271540582 0.539065778 0.015453663 -0.043398988 0.072101250 0.764302671 0.639341056
1520530757301300224.000000 -1.229843020 -0.110653214 -0.029838935 -0.070176579 0.008266613 0.237473592 0.968819797
1520530760151616256.000000 1.116256833 -1.343587160 -0.020721681 0.001498812 -0.050320353 -0.819381416 0.571031272
1520530762301316864.000000 1.604738712 0.421552956 -0.037782956 -0.056702077 0.041214004 0.942419410 0.327001899
1520530764851720448.000000 -1.051709294 0.503143311 -0.041058745 -0.044292666 -0.014264406 0.480901092 0.875538230
1520530767201879296.000000 -0.504799426 -1.469239473 -0.043626502 -0.071860112 -0.044260964 -0.590213656 0.802822053
1520530770101663488.000000 1.973905325 -0.538463056 -0.048574336 -0.035184707 0.068293467 0.990828633 -0.111154132
1520530771201895680.000000 1.522469640 0.473640710 -0.058481898 -0.046496954 0.040211789 0.942152858 0.329495579
1520530774101984512.000000 -1.327065349 0.225206405 -0.044158794 -0.046034195 -0.045084145 0.302678913 0.950911224
1520530776302287360.000000 -0.402249634 -1.544508100 -0.055861264 -0.111392014 -0.045625094 -0.617482364 0.777318060
1520530779152051456.000000 1.921547294 -0.422178745 -0.061594568 -0.034210157 0.072561353 0.995879889 -0.042257048
1520530781952039680.000000 -0.409709036 0.752583921 -0.024264067 -0.058363412 0.004754107 0.641265571 0.765080154
1520530783801924608.000000 -1.284690022 -0.801517785 -0.068893299 -0.058255136 -0.063627310 -0.094755687 0.991754949
1520530786102442752.000000 0.918897033 -1.587128043 -0.069591358 -0.053709671 -0.038757280 -0.735817194 0.673931777
1520530788952205056.000000 1.285258889 0.571727335 -0.038345326 -0.032307796 0.008010838 0.906346977 0.421219110
1520530791552582144.000000 -1.286867142 0.202973336 -0.095296353 -0.068150692 -0.026085109 0.285843730 0.955493033
1520530793652677632.000000 -0.422436833 -1.353992820 -0.094785526 -0.047595639 -0.058985844 -0.596380293 0.799114525
1520530796552486144.000000 1.772280812 -0.117162824 -0.105399325 -0.035153370 0.055127062 0.997264147 -0.034466248
1520530799352348160.000000 -0.569430351 0.586285710 0.217847735 0.014418885 -0.004400408 0.553374410 0.832795203
1520530801702024704.000000 -0.941605270 -1.133142710 0.241446674 0.010583702 0.012337786 -0.343941778 0.938849330
1520530804452738816.000000 1.677801609 -0.939952075 0.139413178 -0.029494505 0.040439587 0.912328720 -0.406385392
1520530807402845952.000000 -0.018941425 0.829068661 0.085238621 -0.032831628 0.019823605 0.744543433 0.666469872
1520530809452629504.000000 -1.196964264 -0.820303202 0.053999465 -0.052073862 -0.035626877 0.069244370 0.995601654
1520530812403116032.000000 1.499690175 -1.036410809 0.037945028 -0.014438486 0.053934433 0.898731947 -0.434926957
1520530815153192192.000000 0.181408808 0.846621811 0.013021581 -0.046079677 0.027986690 0.795437217 0.603630960
1520530817853491456.000000 -0.794295013 -1.307965636 -0.010525726 -0.040624440 -0.023636598 -0.231183365 0.971773386
1520530820603475456.000000 1.848856807 -0.632562399 -0.009121135 -0.001552109 0.055497281 0.938217282 -0.341561645
1520530823403330304.000000 -0.089365728 0.743017912 -0.024577931 -0.056016516 0.016543293 0.675544918 0.735000432
1520530826053935360.000000 -0.562778115 -1.413004518 -0.011864536 -0.027741382 -0.055329733 -0.296066374 0.953159094
1520530829003296256.000000 1.661368489 0.202660739 0.000517011 -0.031013027 0.010114542 0.997456729 -0.063359641
1520530831753732608.000000 -0.921029091 0.431615382 0.004580468 -0.044585373 -0.015345487 0.530210793 0.846552551
1520530834504159744.000000 0.231658310 -1.626113057 -0.013504483 0.009789731 -0.042319749 -0.621590555 0.782135785
1520530837353581312.000000 1.730052590 0.350702703 -0.004670512 -0.040756185 0.033871375 0.993557453 0.100167297
1520530840153971456.000000 -1.133049607 0.347434700 0.023435393 -0.058271676 -0.052015398 0.519688249 0.850776851
1520530842953924352.000000 0.859224260 -1.272673607 0.047426451 0.003357168 -0.007317345 -0.676824510 0.736098886
1520530845654413824.000000 1.019036770 0.868270516 0.008999705 -0.035156365 0.025883939 0.914647222 0.401886612
1520530848454176512.000000 -1.072290659 -0.484736413 0.006870776 -0.024157422 -0.025644682 0.156505287 0.987047791
1520530851354319872.000000 1.623137832 -0.826236129 0.037815489 0.014261200 -0.059594620 -0.851079881 0.521445036
1520530854304029440.000000 -0.318150580 0.519289374 0.119047254 -0.022588307 -0.002731744 0.611104727 0.791221440
1520530857254502656.000000 0.061878234 -1.319127560 0.025432073 -0.052682772 -0.061637834 -0.539188862 0.838271260
1520530860154873600.000000 1.545730829 0.459811211 -0.008653764 -0.054391656 0.082957812 0.977210760 0.187662095
1520530863104634880.000000 -0.897521257 -0.497963637 0.309297383 0.079199277 -0.100579090 0.214289516 0.968343794
1520530865804604672.000000 -0.134821430 -0.991898060 -0.154879689 -0.219446734 0.101713173 0.122809514 0.962504148
1520530868105275136.000000 0.542127192 -0.788933277 0.480453581 0.164252311 0.225295961 -0.292364746 0.914759398
1520530868454276608.000000 0.137984216 -0.929727376 0.271573871 0.110289551 0.097009525 0.020034386 0.988950491
1520530868853948672.000000 -0.384985507 -0.784119427 -0.065256402 -0.228648037 0.025814183 0.273848265 0.933841467
1520530869204718080.000000 -0.669051826 -0.619939983 0.079713359 -0.230901778 -0.061613396 0.473090440 0.847981572
1520530869505250304.000000 -0.578560114 -0.732384086 0.417092353 0.068200305 -0.203480020 0.402966321 0.889697611
1520530869804110592.000000 -0.237232119 -0.877295256 0.460337430 0.275109500 -0.113007687 0.170594037 0.939383209
1520530870153995776.000000 0.074215144 -0.944262445 0.363916099 0.213144094 0.041695502 -0.011327622 0.976064622
1520530870453985792.000000 0.192646801 -0.954502404 0.236084759 -0.178531617 -0.006978440 -0.056469098 0.982287347
1520530870754332672.000000 0.208369732 -0.951189816 0.225107461 -0.224155977 -0.031294972 -0.015118171 0.973933101
1520530871105249280.000000 0.194179639 -0.941228688 0.338959306 0.148325205 -0.031971499 0.193697438 0.969256461
1520530871554161664.000000 0.168484554 -0.928271294 0.320107460 -0.030646261 0.016673457 -0.250305533 0.967537761
1520530871904377600.000000 0.090556785 -0.934399426 0.285924792 -0.072179943 0.056519013 -0.337243170 0.936942995
1520530872254462208.000000 -0.043314379 -0.975788414 0.327686995 0.134034932 0.030947296 0.036571022 0.989817679
1520530872654146048.000000 -0.115726918 -0.955006123 0.330725551 0.125580549 -0.298092604 0.034251716 0.945619762
1520530872954156032.000000 -0.038315013 -0.901162207 0.237150937 0.037309658 -0.475818813 -0.152375713 0.865439713
1520530873304344064.000000 0.088382527 -0.807001829 0.166594476 -0.090198278 -0.084654853 -0.306020260 0.943953991
1520530873604880384.000000 0.044041082 -0.823045552 0.164536282 -0.133290052 0.275219113 -0.128649324 0.943364859
1520530873904909312.000000 -0.149814367 -0.866434455 0.128526747 -0.007028726 0.129789889 0.159634963 0.978581369
1520530874204918272.000000 -0.177307740 -0.869640827 0.155151233 0.183743000 -0.129876837 0.124723479 0.966340721
1520530874504439296.000000 -0.050165258 -0.840007067 0.075515956 0.212905943 -0.142492205 0.014894447 0.966511726
1520530874804213760.000000 0.099121436 -0.802357793 0.010290623 0.134588733 -0.117276572 -0.059220586 0.982153177
1520530875154336768.000000 0.249824464 -0.727530122 -0.001141354 0.101623602 -0.071081862 -0.062950537 0.990281343
