1520530734350155776.000000 -0.121240273 -0.177116454 0.203303903 0.006413157 0.005424373 0.998622954 0.051783785
1520530737250261248.000000 -0.610736847 -0.230075449 0.276780039 0.028402094 0.022595592 0.980785191 0.191681594
1520530740100322048.000000 0.857741833 -0.492933333 0.342767626 -0.020610264 -0.014343427 0.999609113 -0.012199279
1520530743050522624.000000 -0.821933866 0.027679443 0.462815255 0.078315146 -0.100095108 0.984337389 0.122170344
1520530745701051136.000000 0.419010729 -0.217638344 0.292767406 -0.035900928 0.022288736 0.872790039 0.486261338
1520530748201276416.000000 -0.354509443 -0.194018334 0.388241589 0.052131969 -0.045967504 0.943213284 -0.324832499
1520530750900617984.000000 -0.106144272 -0.034543864 0.317804486 0.297135770 0.133098841 0.937547207 0.122469455
1520530753651035392.000000 1.149654388 0.247338861 0.304309815 -0.011098453 0.102134421 0.992611766 0.064543568
1520530756601377792.000000 -0.978617847 0.223815262 0.140703291 -0.071352288 0.055163004 0.495693594 0.863801003
1520530757701312256.000000 -1.381883144 -0.779115617 0.130684882 -0.065601498 -0.035374824 -0.064224049 0.995147765
1520530760101613312.000000 1.039070606 -1.338053823 0.118304715 -0.007647460 -0.053194698 -0.846565008 0.529562712
1520530761701259520.000000 1.743097663 0.016396496 0.119072825 -0.030959366 0.006993312 0.988087177 0.150581494
1520530764651494144.000000 -1.116772413 0.410559714 0.125988275 -0.060685929 0.005305793 0.503652871 0.861754775
1520530766551379456.000000 -1.177741647 -1.389239430 0.100671783 -0.051558167 -0.072487243 -0.369584829 0.924928546
1520530769051819520.000000 1.449357510 -1.333597064 0.109290555 -0.003326959 0.058583796 0.874090135 -0.482204884
1520530770701541888.000000 1.629250884 0.151274964 0.078028470 -0.058894649 0.055328298 0.965796709 0.246384427
1520530772451787264.000000 0.006238371 0.818059683 0.103976376 -0.032315951 0.024277955 0.689970791 0.722706616
1520530774901629952.000000 -1.563069940 -0.881292582 0.113215230 -0.070381269 -0.040874232 -0.131385505 0.987984002
1520530776602303488.000000 -0.096836701 -1.732588530 0.091909662 -0.107491262 -0.045040134 -0.696169615 0.708352149
1520530779352058624.000000 1.712993145 -0.101651721 0.073524773 -0.082265444 0.066082411 0.985145092 0.135473028
1520530782302169600.000000 -1.005033493 0.387919605 0.105221048 -0.044385951 0.002278894 0.480423510 0.875908852
1520530784352436224.000000 -0.952461064 -1.484112978 0.079021916 -0.051480200 -0.070214771 -0.387979329 0.917545736
1520530787002390528.000000 1.701415896 -1.113569260 0.095972732 -0.010375838 0.059220556 0.936421454 -0.345685750
1520530789602353920.000000 0.305322737 0.734398901 0.122747138 -0.037187546 0.011913496 0.776259243 0.629201591
1520530791852477696.000000 -1.550477624 -0.353001505 0.088309757 -0.049694568 -0.036082849 0.102364846 0.992848456
1520530793752591872.000000 -0.332337558 -1.527337551 0.046376612 -0.037652861 -0.066087916 -0.663905382 0.743936956
1520530796752493056.000000 1.486105561 0.166496530 0.051843271 -0.042517312 0.065225706 0.985007226 0.153937817
1520530799552413440.000000 -0.983206987 0.310030222 0.368027031 -0.003439974 0.005868184 0.468758851 0.883299053
1520530802252314624.000000 -0.498845905 -1.561419368 0.335244447 -0.008670668 0.005235123 -0.582536161 0.812740505
1520530805052790272.000000 1.658277631 -0.217448741 0.279090941 -0.019121336 0.047618687 0.991498351 -0.119565412
1520530808002812416.000000 -0.905066252 0.385811418 0.230292767 -0.027463699 0.012402053 0.552502751 0.832964897
1520530810753283328.000000 -0.136607751 -1.679250956 0.149991870 -0.030283526 -0.048956685 -0.588579655 0.806385875
1520530813552874496.000000 1.496370316 0.195592284 0.180076405 -0.038435925 0.013915224 0.996245980 0.076296628
1520530816453202176.000000 -1.333246112 -0.059063226 0.160077170 -0.039258890 -0.004959578 0.448226601 0.893042743
1520530819403465728.000000 0.913127601 -1.513945222 0.168177292 -0.023774719 -0.051510233 -0.732664108 0.678220153
1520530822103852544.000000 1.006551743 0.762324452 0.136291474 -0.061579589 0.046055667 0.902522862 0.423718542
1520530825003384064.000000 -1.321873188 -0.685029864 0.124821551 -0.056795746 -0.036134858 0.165334821 0.983936548
1520530827603648000.000000 1.119729400 -1.155780792 0.142990246 0.006141652 -0.054424476 -0.854644895 0.516312182
1520530830453826304.000000 0.129142180 0.881256998 0.164109781 -0.050528146 -0.022499416 0.780365407 0.622870743
1520530833353605632.000000 -1.058821678 -1.449611783 0.152692050 -0.000882268 -0.056503441 -0.179174915 0.982192099
1520530836203794432.000000 1.800123811 -0.796661019 0.175551996 -0.042418644 0.007569518 0.926241398 -0.374457687
1520530839003947264.000000 -0.266031921 0.796187520 0.145757794 -0.078273162 -0.001372530 0.721150339 0.688339770
1520530841753546496.000000 -0.474077880 -1.401750803 0.219524458 0.034966305 -0.019044792 -0.385486871 0.921852887
1520530844553865984.000000 1.522178173 0.153235316 0.165170312 -0.022932066 0.041470457 0.993770301 -0.100863539
1520530847204005632.000000 -0.829705060 0.506718993 0.163336322 -0.021844590 0.038041897 0.607503414 0.793103576
1520530850004083200.000000 0.333490223 -1.455202460 0.195326641 0.000889701 -0.027030403 -0.593142629 0.804641962
1520530852704382976.000000 1.016153812 0.508487523 0.182162732 -0.042836770 0.019403959 0.967215180 0.249562427
1520530855654267648.000000 -1.218415260 -0.628977895 0.254936516 -0.026689598 -0.026110608 0.093617775 0.994907200
1520530858454580992.000000 1.310978770 -1.017161369 0.184899241 -0.031400062 -0.044220004 -0.848413944 0.526545286
1520530860705024768.000000 0.775670111 0.759649098 0.130671859 -0.072110996 0.058375090 0.865817785 0.491680950
1520530863554088704.000000 -0.648445427 -0.944588780 0.359940052 0.031987943 -0.067746341 -0.047774497 0.996043801
1520530866504818432.000000 -0.665632486 -0.958331883 0.487894773 0.029877126 -0.231701165 0.255801857 0.938075781
1520530867955270144.000000 0.569414973 -0.734156132 0.588769853 0.069069229 0.237005264 -0.484699130 0.839120805
1520530868354272512.000000 0.189122975 -0.982288361 0.520440638 0.177254334 0.154996172 -0.114204973 0.965149403
1520530868703943680.000000 -0.276510864 -1.009440184 0.180345878 -0.115335792 0.035842244 0.121991925 0.985154867
1520530869104715008.000000 -0.721861720 -0.817921400 0.132146552 -0.287398934 -0.038664602 0.383201778 0.876962006
1520530869405247232.000000 -0.748190999 -0.862132013 0.475280821 -0.033705588 -0.172661379 0.405639440 0.896943569
1520530869705257216.000000 -0.433773845 -0.984935105 0.636895120 0.253828496 -0.154385164 0.191129550 0.935523868
1520530870054117632.000000 -0.066821679 -1.038504124 0.546435773 0.273995668 0.028710054 -0.028605482 0.960876346
1520530870353982720.000000 0.100664139 -1.041562080 0.430184156 -0.053736940 0.014868819 -0.117357284 0.991523027
1520530870654329600.000000 0.137796491 -1.024987102 0.354105651 -0.313261688 -0.053610504 -0.081423074 0.944649518
1520530871005245184.000000 0.128374711 -1.030051351 0.479980350 0.152670085 -0.041538499 0.070040658 0.984916270
1520530871355257088.000000 0.120576397 -1.026202202 0.485698014 0.034291919 0.033495028 -0.011556481 0.998783290
1520530871704165888.000000 0.075591460 -1.002244234 0.452802300 -0.054665394 0.023428122 -0.467255831 0.882119119
1520530872054382592.000000 -0.041508637 -1.067530990 0.444650024 -0.012344619 0.063304529 -0.175115481 0.982432783
1520530872404467200.000000 -0.157687530 -1.086446404 0.498105347 0.208609119 0.012369378 0.021994282 0.977673292
1520530872754149120.000000 -0.167925626 -1.060684919 0.461162597 0.120794445 -0.396765709 -0.066407025 0.907510519
1520530873204340992.000000 -0.022040356 -0.923013687 0.325865656 -0.042183742 -0.224824250 -0.355044961 0.906431079
1520530873554879232.000000 -0.018076830 -0.913567007 0.323441535 -0.151240066 0.231172055 -0.236644104 0.931496263
1520530874054913280.000000 -0.271480888 -1.003707647 0.309745491 0.092028908 -0.026845433 0.122040994 0.987884462
1520530874404436480.000000 -0.175088733 -0.963994741 0.259957194 0.239553601 -0.129102424 -0.014735006 0.962148249
1520530874704210688.000000 -0.031284608 -0.917956054 0.179245651 0.164150357 -0.113698058 -0.109036945 0.973775208
1520530875004219904.000000 0.100434728 -0.841260731 0.152754664 0.100234799 -0.086298846 -0.136640981 0.981750786
1520530875304340736.000000 0.204749554 -0.776401997 0.148280323 0.105516359 -0.059189789 -0.123336278 0.984962404
