1520520707420494848.000000 0.073270619 -0.073045522 0.057652604 -0.007630665 0.008318043 0.998888433 0.045764584
1520520710271072000.000000 0.325243890 0.097397052 0.122797176 0.014981423 0.008184741 0.993846059 0.109439597
1520520713070664192.000000 1.270547152 -0.477202356 0.306655765 0.001181052 0.002562872 0.999989152 0.003454721
1520520715870859776.000000 -0.466743380 -0.737926364 -0.206249028 -0.026567264 0.178630218 0.967502773 0.176979855
1520520718821832192.000000 -0.155164257 0.895025134 0.328540951 -0.001127482 -0.014675028 0.994527221 0.103424557
1520520721772033280.000000 1.654930115 0.394083649 0.221103743 0.047379255 -0.028238717 0.998355806 -0.015537783
1520520724721146368.000000 0.404735446 -0.675367057 -0.078981146 0.036474984 0.085408077 0.992812574 -0.075472273
1520520727521098496.000000 -0.361213684 0.144259274 0.282376170 0.110004775 -0.052866422 0.989151478 0.081741482
1520520730271560448.000000 -0.056482598 -0.070023641 0.385973155 0.251095384 -0.026353458 0.828540325 0.499775618
1520520732871308544.000000 -0.145260945 0.041419052 0.251099110 0.012535829 -0.013445913 0.990292132 -0.137774393
1520520735821765376.000000 0.368754476 -0.233828917 0.127656832 -0.016452335 0.159247085 0.981446207 0.105506994
1520520738821623296.000000 0.737345159 -0.063647479 0.189524472 -0.020887163 0.004430650 0.989847958 0.140511960
1520520741621370880.000000 0.216529042 0.117461048 0.089635827 0.233997136 0.139783844 0.962071955 0.011051828
1520520742372419328.000000 0.410874993 0.051950671 0.337778002 -0.148848176 -0.169282407 0.970368862 -0.087009691
1520520742671423744.000000 0.122957915 0.059562057 0.238456845 -0.042349275 -0.091618769 0.983980715 0.146947056
1520520742921421056.000000 -0.092730433 -0.021721840 0.099190414 0.046387359 0.061831664 0.946760416 0.312519670
1520520743221430016.000000 -0.239643365 -0.135667548 0.170758039 0.172843024 0.061169289 0.893661916 0.409573883
1520520743721497088.000000 -0.115609862 0.001319669 0.357190281 0.197251052 -0.052062906 0.931730211 0.300431758
1520520744071507968.000000 0.224885285 0.080307655 0.154755160 0.091293097 0.030240994 0.989693701 0.106096797
1520520744421524992.000000 0.656011462 0.073359273 0.058357738 0.045040604 0.020551959 0.997518301 -0.050050344
1520520744721724160.000000 0.959650517 0.087271333 0.049563475 0.038162932 0.016383087 0.986188889 -0.160329849
1520520744971800576.000000 1.208789706 0.161360636 0.029068898 0.019413786 0.010505344 0.969528794 -0.243978754
1520520745221808640.000000 1.433196425 0.249497384 0.028293192 0.017504094 0.017243162 0.953217685 -0.301282525
1520520745471998720.000000 1.644113302 0.370351911 -0.019061349 0.032643959 0.038537566 0.945352733 -0.322112381
1520520745722005760.000000 1.849489450 0.574010551 -0.003315929 0.025003651 0.057940360 0.959145486 -0.275783688
1520520745972202496.000000 1.996025562 0.815232754 -0.012941331 0.024018988 0.059158191 0.979328036 -0.191934690
1520520746222824960.000000 2.158913612 1.084897757 -0.020650808 0.026116358 0.037124686 0.980181634 -0.192827731
1520520746472833024.000000 2.313301325 1.344725132 -0.012035001 0.027158875 0.053348642 0.981429935 -0.182237387
1520520746723361024.000000 2.438586950 1.649404645 -0.036329456 0.002704140 0.049100425 0.990863323 -0.125580564
1520520746923366912.000000 2.485310078 1.889690280 -0.016091406 -0.001114531 0.064695559 0.996724367 -0.048503708
1520520747323645696.000000 2.496404409 2.393155575 -0.038800068 -0.019460328 0.042437982 0.998592556 0.025142459
1520520747523951872.000000 2.424112082 2.618797779 -0.015677065 -0.024774903 0.042431485 0.992929280 0.108055510
1520520747773959936.000000 2.234566689 2.865967989 -0.053322785 -0.038691062 0.045830153 0.956363499 0.285954952
1520520747975514624.000000 2.021826506 2.973654509 -0.034917496 -0.030831737 0.062776797 0.881507099 0.466960847
1520520748480625920.000000 1.461850524 3.132429838 -0.038386960 -0.029250992 0.051455867 0.737366498 0.672893643
1520520748930640896.000000 0.896184146 3.230460405 -0.042232841 -0.037985917 0.049689136 0.683167338 0.727577567
1520520749230649856.000000 0.503331125 3.183663368 -0.056953166 -0.043310296 0.039925851 0.631619215 0.773036838
1520520749480657920.000000 0.150512338 3.124844313 -0.043164171 -0.010076089 0.039629184 0.651485384 0.757557392
1520520749730665984.000000 -0.188492119 3.085110188 -0.059908576 -0.003200117 0.054419786 0.657125354 0.751806378
1520520749980673024.000000 -0.546747446 3.027006626 -0.072776362 -0.000630842 0.072751470 0.631150305 0.772239983
1520520750180679936.000000 -0.817887068 2.961557865 -0.058993217 -0.018622063 0.065657482 0.606285930 0.792311966
1520520750378952704.000000 -1.105183959 2.900412321 -0.084208176 -0.010981468 0.051631764 0.611943364 0.789137244
1520520750628960512.000000 -1.460994840 2.854756832 -0.037810884 -0.009259651 0.051202767 0.656630576 0.752414405
1520520751125587456.000000 -2.175690174 2.740179777 -0.043796390 -0.021237256 0.068995789 0.638093650 0.766566098
1520520751375642368.000000 -2.535426617 2.666394949 -0.069709927 -0.011657297 0.037118893 0.627048850 0.778006852
1520520751574642944.000000 -2.821334362 2.622990847 -0.046611391 -0.027526114 0.053483412 0.657497644 0.751050830
1520520752023829504.000000 -3.478747606 2.560818434 -0.048654102 0.006749056 0.050961029 0.670750201 0.739898622
1520520752423713536.000000 -4.059672832 2.488611937 -0.057553258 -0.001492138 0.035689887 0.648375869 0.760481000
1520520752623720448.000000 -4.349684238 2.477384806 -0.041409548 -0.027692307 0.046774957 0.675992012 0.734900236
1520520752824425984.000000 -4.633325577 2.476800680 -0.035516813 -0.017971002 0.041577972 0.693735182 0.718803644
1520520753024432896.000000 -4.928827763 2.464057684 -0.061771430 -0.004803302 0.048679620 0.683093786 0.728689551
1520520753475146752.000000 -5.560904503 2.423711538 -0.097591013 -0.024050007 0.055627003 0.653356969 0.754619360
1520520753675315712.000000 -5.848178387 2.418965340 -0.075466633 -0.036531627 0.077698022 0.675214708 0.732606530
1520520753875321856.000000 -6.123066425 2.425019264 -0.078033760 -0.025386779 0.091251209 0.689065874 0.718481600
1520520754274935296.000000 -6.697264671 2.389429331 -0.065299995 -0.050294101 0.085339673 0.622469485 0.776349247
1520520754474382592.000000 -6.985826969 2.360140085 -0.088328242 -0.055491876 0.066764623 0.611097574 0.786779404
1520520754674388480.000000 -7.283529282 2.349709988 -0.062745005 -0.049602166 0.052147564 0.649762690 0.756721616
1520520754873785600.000000 -7.567752361 2.355759382 -0.039810121 -0.029378489 0.071116030 0.677978337 0.731042743
1520520755073792512.000000 -7.863926888 2.341396093 -0.071378447 -0.023017922 0.059298631 0.657587230 0.750687420
1520520755273213440.000000 -8.136230469 2.302977562 -0.050254822 -0.042555410 0.076863989 0.617353022 0.781764030
1520520755473220352.000000 -8.412250519 2.263733149 -0.080854431 -0.055226084 0.076285772 0.596445322 0.797108889
1520520755672882688.000000 -8.709760666 2.249004126 -0.082621202 -0.057733219 0.065695144 0.625164926 0.775576413
1520520755872888576.000000 -8.997786522 2.260721207 -0.055101056 -0.050096422 0.072188638 0.664334059 0.742251992
1520520756122491648.000000 -9.366112709 2.262376308 -0.092188597 -0.026545443 0.055349771 0.677856743 0.732625961
1520520756322497536.000000 -9.648613930 2.234865904 -0.060619015 -0.036285535 0.066171393 0.656084299 0.750904143
1520520756522127360.000000 -9.936368942 2.201089382 -0.094578877 -0.056317292 0.060249168 0.641482592 0.762690783
1520520756722133248.000000 -10.234256744 2.175828695 -0.094315886 -0.059099641 0.064437032 0.658719420 0.747290254
1520520756921887488.000000 -10.518057823 2.164925098 -0.076611407 -0.057899524 0.081229843 0.673305213 0.732603610
1520520757121893632.000000 -10.811365128 2.149466276 -0.109059528 -0.042236943 0.076892093 0.669633090 0.737491608
1520520757321722880.000000 -11.096064568 2.117563963 -0.083992437 -0.046590008 0.088166840 0.640972495 0.761057794
1520520757521729024.000000 -11.376000404 2.077694416 -0.092755437 -0.054604083 0.073042251 0.625189245 0.775126040
1520520757721599744.000000 -11.670664787 2.046607018 -0.102160841 -0.052169550 0.065593757 0.640865564 0.763063371
1520520757921605632.000000 -11.955035210 2.033871651 -0.067440122 -0.040905286 0.080623433 0.665051162 0.741304457
1520520758121576448.000000 -12.244320869 2.031222343 -0.099668682 -0.033176426 0.077447414 0.673951030 0.733955085
1520520758321582336.000000 -12.529723167 2.017082691 -0.087743662 -0.040219255 0.073168986 0.649551094 0.755718768
1520520758521629440.000000 -12.806406021 1.994647384 -0.082479700 -0.046500850 0.078719236 0.631268084 0.770156026
1520520758721635584.000000 -13.108372688 1.995137334 -0.111325443 -0.038905628 0.065329574 0.658005714 0.749163210
1520520758871388416.000000 -13.327539444 2.017361403 -0.078934550 -0.028019575 0.069273978 0.698159695 0.712030768
1520520759071394304.000000 -13.606398582 2.062513590 -0.070099294 -0.016208684 0.086964272 0.737274706 0.669775605
1520520759271362048.000000 -13.889687538 2.107152224 -0.095809162 -0.014912729 0.081926867 0.737507939 0.670183957
1520520759621372928.000000 -14.371710777 2.170891762 -0.095577493 -0.039945871 0.084461749 0.722140431 0.685406625
1520520759821419264.000000 -14.666329384 2.223047733 -0.098275915 -0.037647422 0.066439815 0.744030833 0.663765907
1520520760021425152.000000 -14.942551613 2.291455746 -0.060855865 -0.019024849 0.074117407 0.768462062 0.635302246
1520520760171439872.000000 -15.150058746 2.351576805 -0.075794481 -0.001231060 0.072785884 0.776750803 0.625585437
1520520760371446784.000000 -15.422413826 2.431970596 -0.073157318 -0.006630192 0.062048819 0.764397621 0.641716659
1520520760771513856.000000 -15.949010849 2.560496807 -0.098628297 -0.039113380 0.056835491 0.744687080 0.663837075
1520520761321566208.000000 -16.704204559 2.714299917 -0.099248096 -0.042863417 0.069865666 0.741965890 0.665407121
1520520761571574272.000000 -17.044868469 2.726996183 -0.062906273 -0.051664498 0.087558031 0.673703909 0.731974125
1520520761821615872.000000 -17.398101807 2.724364042 -0.101147622 -0.057585109 0.067557983 0.646286488 0.757913172
1520520762471685888.000000 -18.339893341 2.771228790 -0.068362340 -0.041864663 0.072339050 0.650128901 0.755212247
1520520762721693440.000000 -18.691272736 2.741752863 -0.068673216 -0.055053037 0.072953224 0.619929433 0.779315889
1520520762971737344.000000 -19.065753937 2.715681076 -0.074163496 -0.054086577 0.065105371 0.652145386 0.753353179
1520520763321748480.000000 -19.570522308 2.693406820 -0.082188800 -0.042743359 0.077991277 0.674364448 0.733022332
1520520763571761920.000000 -19.926021576 2.633937597 -0.060790922 -0.053937744 0.088138655 0.620677590 0.777226090
1520520764171848960.000000 -20.794078827 2.509029627 -0.055814546 -0.057708565 0.084614322 0.635157466 0.765561342
1520520764471857920.000000 -21.245658875 2.464266300 -0.086981840 -0.033800274 0.063895114 0.639462769 0.765415728
1520520764621872384.000000 -21.458284378 2.418491840 -0.057846118 -0.043465193 0.072476968 0.605730593 0.791168272
1520520764771877376.000000 -21.668762207 2.365888119 -0.063841671 -0.060672332 0.073894709 0.584123254 0.806013286
1520520764971910912.000000 -21.963085175 2.306475639 -0.092178546 -0.053389147 0.061416127 0.603372574 0.793295622
1520520765271920896.000000 -22.381309509 2.256794214 -0.058714136 -0.052280966 0.088094041 0.661091506 0.743278682
1520520765671953152.000000 -22.955142975 2.168077230 -0.052046418 -0.040223815 0.085873269 0.638297915 0.763925612
1520520765871966464.000000 -23.237310410 2.122648239 -0.066799469 -0.039026901 0.074684292 0.629718602 0.772238553
1520520766071972608.000000 -23.526929855 2.098046303 -0.074484296 -0.050898023 0.069759376 0.654295564 0.751291752
1520520766272000768.000000 -23.801216125 2.091089725 -0.051634260 -0.057051837 0.077812478 0.683016241 0.724001229
1520520766522007808.000000 -24.154459000 2.058828592 -0.084607504 -0.034165237 0.059523530 0.669090033 0.740004539
1520520766722028288.000000 -24.414764404 1.994691491 -0.058749329 -0.058524590 0.072628856 0.610845745 0.786235392
1520520766922034176.000000 -24.672294617 1.907465458 -0.077925339 -0.065263256 0.047124177 0.574051321 0.814851880
1520520767372083456.000000 -25.190650940 1.647598386 -0.046163678 -0.057969406 0.029417526 0.515621483 0.854346097
1520520767572125184.000000 -25.393859863 1.492486477 -0.059301604 -0.034690607 0.006880316 0.437949657 0.898302853
1520520767772132096.000000 -25.544937134 1.319064975 -0.036105067 -0.053749513 0.017316675 0.333763599 0.940963209
1520520767972150784.000000 -25.663747787 1.125834465 -0.067591496 -0.068159185 0.008837278 0.247418195 0.966467440
1520520768322161920.000000 -25.816890717 0.762852311 -0.069207534 -0.098269477 0.006555462 0.163895577 0.981548369
1520520768472166912.000000 -25.864055634 0.602933645 -0.068457335 -0.094128914 0.006327249 0.124112926 0.987772465
1520520768622171904.000000 -25.905054092 0.437977135 -0.055580229 -0.070522040 0.002896294 0.083366744 0.994015574
1520520768822188032.000000 -25.910671234 0.249600992 0.036237497 -0.069099665 0.011168070 -0.023772074 0.997263312
1520520769022198016.000000 -25.884782791 0.096239723 0.092691995 -0.081703700 0.019367680 -0.114728697 0.989841163
1520520769422140160.000000 -25.917095184 -0.144055545 0.211648047 -0.106424801 0.009930290 -0.046617653 0.993177116
1520520769622135296.000000 -25.949468613 -0.260500401 0.241218850 -0.112677313 0.013578387 -0.011923396 0.993466675
1520520770022171648.000000 -25.918642044 -0.484475613 0.383373708 -0.126740322 0.024059465 -0.130033687 0.983080864
1520520770472167936.000000 -25.924892426 -0.737964451 0.504401743 -0.145916983 0.026126029 -0.077196091 0.985933721
1520520770672168960.000000 -25.976608276 -0.855657697 0.560464501 -0.139113799 0.030097608 -0.016667720 0.989678025
1520520770972201216.000000 -25.998085022 -1.037165761 0.686231315 -0.109607659 0.029122498 -0.070405111 0.991049945
1520520771222203904.000000 -25.968870163 -1.178678632 0.756927431 -0.097959936 0.027019260 -0.120602533 0.987485528
1520520771522177536.000000 -25.945817947 -1.359764814 0.839886606 -0.128994852 0.010357521 -0.070357017 0.989091396
1520520771872188672.000000 -25.934659958 -1.615972877 0.892219782 -0.105384484 0.017124388 -0.020572403 0.994070590
1520520772022222848.000000 -25.918594360 -1.757668734 0.882441938 -0.094008364 0.031438515 -0.041680802 0.994200885
1520520772222228992.000000 -25.887216568 -1.954211950 0.921556771 -0.087050378 0.039842982 -0.085570067 0.991721272
1520520772572222720.000000 -25.869991302 -2.306902409 0.963251829 -0.062004935 0.027062811 -0.057216641 0.996066272
1520520772722226688.000000 -25.883977890 -2.434846640 1.063623667 -0.036036097 0.030838013 -0.021305272 0.998646677
1520520772872215808.000000 -25.907201767 -2.546387196 1.129727364 -0.027398905 0.033437561 -0.000907701 0.999064147
1520520773072221696.000000 -25.933401108 -2.686435461 1.167518020 0.000359245 0.027951840 -0.012028534 0.999536276
1520520773272200448.000000 -25.921791077 -2.791303396 1.267084956 -0.030718092 0.028829049 -0.088160180 0.995214462
1520520773622182144.000000 -25.890438080 -2.978949785 1.346881270 -0.012110544 0.029022176 -0.120079689 0.992265463
1520520773822188288.000000 -25.898187637 -3.087843418 1.440403104 -0.027078630 0.030419879 -0.059950579 0.997369528
1520520774122189312.000000 -25.913957596 -3.258828163 1.500210047 0.000296135 0.029004641 -0.042103667 0.998691559
1520520774522191872.000000 -25.895771027 -3.477581263 1.671771049 0.005677095 0.062310275 -0.137780622 0.988483787
1520520774922177280.000000 -25.898715973 -3.715157509 1.826594114 0.033250224 0.031121263 -0.098659180 0.994077981
1520520775722150912.000000 -25.900621414 -4.138863087 2.161175013 0.145475104 0.054852698 -0.113281235 0.981322825
1520520776072126464.000000 -25.903039932 -4.317345142 2.280749083 0.123233736 0.041688360 -0.030532556 0.991030872
1520520776272132352.000000 -25.916570663 -4.423928261 2.305746555 0.133411020 0.030925602 -0.004284984 0.990568280
1520520776672148992.000000 -25.868030548 -4.642752647 2.452333212 0.095746920 0.056350730 -0.090996727 0.989634037
1520520776922151680.000000 -25.838285446 -4.795638561 2.501890421 0.110708103 0.043037556 -0.091807768 0.988666594
1520520777322160128.000000 -25.889358521 -5.018319607 2.626626253 0.086072899 0.015938625 0.023154639 0.995891690
1520520777522166272.000000 -25.879354477 -5.129305840 2.676036835 0.086332783 0.028886145 -0.013343104 0.995757520
1520520777722175744.000000 -25.830400467 -5.214263916 2.754486799 0.062386420 0.036609437 -0.083788104 0.993853986
1520520777922182656.000000 -25.786884308 -5.314884186 2.769200087 0.052401841 0.039328106 -0.106587097 0.992141783
1520520778122180352.000000 -25.787422180 -5.430872917 2.839113951 0.035068475 0.017142719 -0.048384149 0.998065174
1520520778822205696.000000 -25.789796829 -5.800109386 3.061799049 0.000304192 0.030850446 -0.089681186 0.995491922
1520520779472218624.000000 -25.848468781 -6.149099350 3.234312773 -0.018301554 0.038533509 0.062665217 0.997121930
1520520779922252800.000000 -25.911453247 -6.384684563 3.400953770 -0.031966798 0.082632594 -0.009845562 0.996018052
1520520780172260352.000000 -25.950912476 -6.551887512 3.423343420 -0.008033978 0.075346172 -0.012863875 0.997041523
1520520780472269568.000000 -26.073345184 -6.756516457 3.537106752 -0.033425085 0.076109551 0.094722949 0.992026508
1520520780672278528.000000 -26.201955795 -6.860770226 3.587926388 -0.018265491 0.072320469 0.174614489 0.981806815
1520520781122343680.000000 -26.587223053 -7.085528851 3.579755068 -0.011594877 0.081588067 0.270605087 0.959156156
1520520781572411904.000000 -27.050903320 -7.274259567 3.554749966 -0.007013545 0.059737515 0.398230731 0.915310442
1520520781772516096.000000 -27.268955231 -7.344984531 3.580573559 -0.018012606 0.044697307 0.463886321 0.884582281
1520520782172666880.000000 -27.718053818 -7.498957634 3.550629377 -0.006158330 0.055227783 0.490790278 0.869502902
1520520782372672768.000000 -27.927883148 -7.602707863 3.571533203 -0.032142114 0.049553957 0.455132425 0.888461888
1520520782772723456.000000 -28.337835312 -7.884901047 3.554399014 -0.041034397 0.008337107 0.421272129 0.905966461
1520520783172783360.000000 -28.684148788 -8.232409477 3.572192907 -0.021015221 0.018191680 0.380854785 0.924216270
1520520783572800768.000000 -28.912916183 -8.667532921 3.586517096 -0.016693402 0.026414257 0.224266946 0.974026084
1520520783822804736.000000 -29.016565323 -8.974397659 3.545415163 -0.026858050 0.002097167 0.157994345 0.987071872
1520520784222783744.000000 -29.167125702 -9.479606628 3.568987846 -0.023569316 0.019896464 0.126672566 0.991464436
1520520784422789888.000000 -29.230079651 -9.747841835 3.569437742 -0.002001277 0.020427756 0.077457078 0.996783853
1520520784622721024.000000 -29.266111374 -10.004218102 3.594108105 -0.016799418 0.019552648 0.011893035 0.999596357
1520520784872729088.000000 -29.296236038 -10.347557068 3.559602976 -0.011811609 0.008068033 -0.021335082 0.999669492
1520520785072662528.000000 -29.327486038 -10.617647171 3.578383446 -0.029047458 0.011088360 0.001890632 0.999514222
1520520785522650880.000000 -29.407564163 -11.243945122 3.578667879 -0.000479516 0.014631429 0.011400776 0.999827325
1520520785722656768.000000 -29.404619217 -11.509257317 3.597294569 -0.010426707 0.017431710 -0.033829585 0.999220610
1520520786022621440.000000 -29.386337280 -11.936533928 3.570023060 0.004373023 0.010058193 -0.039294206 0.999166906
1520520786322594304.000000 -29.385122299 -12.345445633 3.596846342 0.007325128 0.023681702 -0.019825378 0.999495566
1520520786522600192.000000 -29.382543564 -12.633959770 3.579374075 0.034104373 0.036784731 -0.043692645 0.997784257
1520520786772604928.000000 -29.362810135 -12.974832535 3.604849339 0.004740892 0.026174754 -0.098652542 0.994765639
1520520787022612992.000000 -29.341552734 -13.333699226 3.555850267 0.002988807 0.012471395 -0.108866952 0.993973136
1520520787222595584.000000 -29.349309921 -13.617060661 3.585549355 -0.010462020 0.013026579 -0.052195836 0.998496413
1520520787622633728.000000 -29.357366562 -14.187338829 3.578347921 0.015645502 0.033752792 -0.034022417 0.998727739
1520520788072657152.000000 -29.274497986 -14.813750267 3.565374613 0.009440990 0.024447499 -0.109078147 0.993687034
1520520788272631552.000000 -29.277946472 -15.095904350 3.591502190 -0.006263810 0.025848877 -0.059813205 0.997854650
1520520788772685568.000000 -29.289627075 -15.798618317 3.582576036 -0.005238811 0.029158102 -0.070247382 0.997088969
1520520788972691712.000000 -29.271486282 -16.071043015 3.577619791 -0.006073901 0.018930975 -0.110373475 0.993690670
1520520789172676096.000000 -29.258090973 -16.364528656 3.560307741 0.009622096 0.003297654 -0.106120892 0.994300663
1520520789372683008.000000 -29.272644043 -16.643325806 3.600339174 0.001342875 0.022594474 -0.056184623 0.998163283
1520520789572688128.000000 -29.290239334 -16.934062958 3.582810640 0.012961842 0.036484238 -0.034144547 0.998665929
1520520789972722432.000000 -29.254730225 -17.493747711 3.597787857 -0.006260901 0.034091927 -0.118239209 0.992379427
1520520790572718336.000000 -29.273361206 -18.352075577 3.585385561 0.004852223 0.027556647 -0.028761376 0.999194086
1520520790972774656.000000 -29.281999588 -18.904312134 3.597106934 -0.000808918 0.029878749 -0.081009947 0.996264458
1520520791172783872.000000 -29.269533157 -19.184013367 3.561898947 0.003055281 0.020166861 -0.102195635 0.994554639
1520520791772789760.000000 -29.327970505 -20.027925491 3.552122116 -0.002621998 0.014326553 -0.035556797 0.999261081
1520520791972800256.000000 -29.326805115 -20.290912628 3.572794914 -0.033491101 -0.000277943 -0.070906579 0.996919990
1520520792172806144.000000 -29.309675217 -20.561117172 3.559789419 -0.017246166 0.000476997 -0.098912910 0.994946122
1520520792372753152.000000 -29.293933868 -20.848705292 3.565952778 0.000016658 0.000192966 -0.065042451 0.997882068
1520520792572760064.000000 -29.288370132 -21.120399475 3.589125633 -0.016513467 0.009284481 -0.038178086 0.999090791
1520520792772766208.000000 -29.285665512 -21.398969650 3.559149981 0.000217526 0.022031212 -0.037326381 0.999059856
1520520793222772224.000000 -29.267856598 -22.008754730 3.563248158 -0.015389264 0.014033210 -0.088988341 0.995814502
1520520793422778112.000000 -29.263738632 -22.301670074 3.577322721 -0.000301359 0.018336589 -0.063090093 0.997838855
1520520794472802048.000000 -29.318687439 -23.746038437 3.567476988 -0.004691076 0.014620916 -0.061323170 0.997999310
1520520794722834944.000000 -29.348453522 -24.087419510 3.585076332 -0.000676518 0.014178510 -0.014684456 0.999791026
1520520794972824064.000000 -29.354244232 -24.446111679 3.572177887 0.032725368 0.024442889 -0.032859873 0.998624563
1520520795272827648.000000 -29.318784714 -24.858016968 3.582158089 0.019725818 0.022403769 -0.100244239 0.994514465
1520520795472833792.000000 -29.298229218 -25.151218414 3.562513351 0.015699420 0.004245221 -0.096980624 0.995152950
1520520795672813824.000000 -29.302568436 -25.425809860 3.583099842 -0.012645114 0.009017270 -0.067615129 0.997589946
1520520795872819968.000000 -29.315105438 -25.711772919 3.553462505 -0.006545837 0.019882603 -0.055147097 0.998258352
1520520796272850688.000000 -29.302295685 -26.267101288 3.563887358 -0.025088303 0.007272216 -0.108124889 0.993793488
1520520796972852224.000000 -29.341817856 -27.265863419 3.575713158 0.029259657 0.020356607 -0.039398175 0.998587012
1520520797772882688.000000 -29.401714325 -28.364194870 3.577183485 -0.017937472 0.025036845 -0.028101861 0.999129832
1520520798072891648.000000 -29.446533203 -28.793312073 3.548541546 0.008555362 0.039122514 -0.020701351 0.998982668
1520520798522921216.000000 -29.455434799 -29.423574448 3.535494566 0.016100589 0.008182651 -0.068092018 0.997514844
1520520798772928256.000000 -29.471536636 -29.773494720 3.572634697 0.005861073 0.017922111 -0.029134221 0.999397039
1520520799122940416.000000 -29.518503189 -30.267671585 3.561036825 0.015336137 0.034331609 -0.019815674 0.999095559
1520520799772969216.000000 -29.560064316 -31.176242828 3.573127031 -0.009534794 0.016777923 -0.013073420 0.999727726
1520520800223004672.000000 -29.613771439 -31.796281815 3.560178041 -0.038389094 0.009874707 -0.032307088 0.998691022
1520520800523013888.000000 -29.643817902 -32.204223633 3.560425043 -0.039320331 -0.012740259 -0.029841863 0.998699129
1520520800773019392.000000 -29.661567688 -32.544811249 3.552786827 -0.054040484 0.023424555 -0.005197061 0.998249769
1520520801773066752.000000 -29.675146103 -33.893375397 3.555153847 -0.018915640 0.003193991 -0.044997890 0.998802125
1520520801973072896.000000 -29.677679062 -34.156730652 3.568422079 -0.016259806 0.013188335 -0.034806773 0.999173939
1520520802773087744.000000 -29.699644089 -35.259757996 3.560515642 0.024248268 0.008210052 -0.064635411 0.997579932
1520520802973094912.000000 -29.704473495 -35.528274536 3.581456184 0.046751659 0.018333867 -0.044618715 0.997740507
1520520803473123072.000000 -29.730354309 -36.220371246 3.556976318 0.033581119 0.030553127 -0.031900898 0.998458862
1520520803723132160.000000 -29.738761902 -36.580062866 3.516616821 0.003832562 0.009268478 -0.021535577 0.999717295
1520520804173149952.000000 -29.766407013 -37.221820831 3.534027815 0.003613154 0.014448743 -0.008024456 0.999856293
1520520804673146624.000000 -29.790569305 -37.920413971 3.544376850 0.011511999 0.013909047 -0.034397125 0.999244630
1520520804923154688.000000 -29.788135529 -38.268573761 3.563041925 0.032134119 0.015813103 -0.023290779 0.999086440
1520520805223155712.000000 -29.796443939 -38.675819397 3.538769722 -0.006536676 0.018787611 -0.026988983 0.999437213
1520520805473169408.000000 -29.802442551 -39.030391693 3.566306829 0.039228976 0.014099482 -0.059490796 0.997357488
1520520805773178368.000000 -29.806680679 -39.444095612 3.541559219 0.029499682 -0.003167626 -0.067767851 0.997259319
1520520806023171328.000000 -29.803693771 -39.782646179 3.568094254 0.018179327 0.001581713 -0.043953147 0.998866379
1520520806223177216.000000 -29.805772781 -40.046741486 3.547809601 -0.031483546 0.020174690 -0.008933029 0.999260247
1520520806473202944.000000 -29.812784195 -40.402153015 3.555452824 0.001997791 0.019108526 -0.030743383 0.999342084
1520520806873242368.000000 -29.829465866 -40.959739685 3.533423424 -0.041016828 -0.007977953 -0.021867014 0.998886883
1520520807123262208.000000 -29.829263687 -41.300960541 3.570428133 -0.022490788 0.007737878 -0.009489686 0.999671578
1520520807373269248.000000 -29.843826294 -41.660438538 3.518409729 -0.029441185 0.030023944 -0.015306922 0.998997748
1520520807623293696.000000 -29.866689682 -42.011127472 3.538010597 -0.034400500 0.017530961 -0.037601043 0.998546302
1520520807873301760.000000 -29.892057419 -42.371047974 3.508756399 -0.035876568 0.014038618 -0.037323050 0.998560011
1520520808123306240.000000 -29.916973114 -42.729492188 3.549682617 -0.005368773 0.025601605 -0.005257927 0.999643624
1520520808323331072.000000 -29.950441360 -43.005283356 3.527623653 -0.036516260 0.026575718 0.006361847 0.998959064
1520520808523337984.000000 -29.979532242 -43.298339844 3.525462627 0.012106149 0.021087965 -0.014076716 0.999604881
1520520808823375360.000000 -30.005935669 -43.709724426 3.534284592 -0.004020813 0.007036276 -0.016389774 0.999832571
1520520809023381504.000000 -30.009935379 -43.997241974 3.532635927 0.009700106 0.011085953 -0.012006006 0.999819160
1520520809573456896.000000 -30.036886215 -44.764812469 3.544455051 0.031756248 0.027689183 -0.061843880 0.997195899
1520520809823464960.000000 -30.052667618 -45.098457336 3.550288200 -0.007659738 0.012862591 -0.091090672 0.995729864
1520520810273477888.000000 -30.041992188 -45.714015961 3.578079939 0.021713007 0.001258485 -0.115025841 0.993124068
1520520810473479936.000000 -30.017009735 -45.970394135 3.551779270 0.014841051 0.015216344 -0.156981468 0.987372398
1520520810673485824.000000 -29.971370697 -46.208999634 3.555943727 0.033332299 0.005488269 -0.235810682 0.971211374
1520520810923473408.000000 -29.866132736 -46.455699921 3.562137842 0.014520600 -0.018483676 -0.333115190 0.942592800
1520520811323500032.000000 -29.626836777 -46.772724152 3.587211370 0.021637909 -0.000490844 -0.446506590 0.894518256
1520520811523507200.000000 -29.506345749 -46.895732880 3.582263231 0.032875217 0.012434197 -0.520635784 0.853054762
1520520811723629312.000000 -29.396383286 -46.999176025 3.570800781 0.046750557 0.020092119 -0.579435706 0.813427627
1520520811873633280.000000 -29.326234818 -47.051254272 3.570075750 0.039727360 0.008523421 -0.613149881 0.788920581
1520520812024161536.000000 -29.265848160 -47.082878113 3.567304373 0.029950993 0.000629312 -0.638497055 0.769040585
1520520812174165504.000000 -29.210170746 -47.098693848 3.558263540 0.016368851 0.004519403 -0.653437734 0.756789327
1520520812324170496.000000 -29.149557114 -47.104705811 3.552255630 -0.006623208 0.000855762 -0.654789686 0.755781174
1520520812426178304.000000 -29.107444763 -47.099578857 3.570051193 0.008851122 0.005141898 -0.665642500 0.746200085
1520520812526181376.000000 -29.070558548 -47.091091156 3.606443644 0.019082639 0.018895360 -0.676991999 0.735499799
1520520812626184448.000000 -29.036716461 -47.088333130 3.644740820 0.003130827 0.012191247 -0.670784473 0.741545022
1520520812726187264.000000 -29.006872177 -47.087715149 3.678322792 0.005316405 0.002991693 -0.671759069 0.740744174
1520520812831810816.000000 -28.979192734 -47.089206696 3.702937841 0.013796877 0.010097695 -0.677688539 0.735149920
1520520812931813888.000000 -28.956619263 -47.094665527 3.709815979 0.019090222 0.015731391 -0.675925791 0.736553907
1520520813031817728.000000 -28.935316086 -47.104755402 3.697968721 0.007840339 0.021057168 -0.661039174 0.750014424
1520520813232649984.000000 -28.889024734 -47.123928070 3.650911808 -0.031755462 0.023747385 -0.634973526 0.771515071
1520520813382654976.000000 -28.844711304 -47.134090424 3.626565695 -0.048059054 0.010718469 -0.622059047 0.781419814
1520520813482658048.000000 -28.815158844 -47.136077881 3.611662149 -0.034495097 0.027194262 -0.618286312 0.784723938
1520520813932672000.000000 -28.653192520 -47.081733704 3.547514439 0.025777543 0.055869166 -0.693601310 0.717725754
1520520814332684032.000000 -28.614814758 -47.011013031 3.512624264 -0.024173243 0.024062084 -0.747740567 0.663113534
1520520814732696832.000000 -28.667791367 -46.995803833 3.471850634 -0.032727875 0.005006156 -0.775603056 0.630350947
1520520814882701824.000000 -28.682989120 -47.001972198 3.456838369 -0.030667407 -0.002573935 -0.792607784 0.608953774
1520520815382716928.000000 -28.680047989 -47.022190094 3.424944401 -0.043811698 0.039531551 -0.723893702 0.687382221
1520520815732728064.000000 -28.632118225 -46.956195831 3.405340910 0.021883883 0.058600608 -0.787124932 0.613612175
1520520815882733056.000000 -28.625082016 -46.945732117 3.398415327 -0.006474094 0.038362067 -0.794255376 0.606335878
1520520816132740864.000000 -28.634700775 -46.925018311 3.372815609 -0.065889455 0.016470069 -0.817801178 0.571477711
1520520816332747008.000000 -28.625144958 -46.914302826 3.322559834 -0.089812733 -0.025082583 -0.826885641 0.554583430
1520520816432750080.000000 -28.602249146 -46.900779724 3.296490431 -0.114947960 -0.059636988 -0.831313848 0.540505528
1520520816582755072.000000 -28.561056137 -46.866260529 3.287378550 0.106965326 0.081202552 0.856679797 -0.498059243
1520520816932765952.000000 -28.469520569 -46.820747375 3.231846571 0.147407398 0.139306560 0.860082448 -0.468104482
1520520817432781056.000000 -27.936134338 -46.619518280 2.630604029 0.180152953 0.256029010 0.873836458 -0.372025073
1520520817932796928.000000 -26.700206757 -45.635936737 1.343901157 0.127270490 0.212406069 0.901942611 -0.353813797
1520520818432813056.000000 -24.902807236 -44.024490356 -0.520441413 0.122079156 0.181023672 0.922287405 -0.318923146
1520520818932827904.000000 -22.716394424 -41.802516937 -2.796499729 0.048266973 0.170089036 0.958826244 -0.222241208
1520520819432844032.000000 -20.486557007 -38.846031189 -5.171554089 0.011739112 0.117127493 0.976354778 -0.181310073
1520520819932859904.000000 -18.544717789 -35.377368927 -7.159188271 -0.018925084 0.045855995 0.996334314 -0.069683664
1520520820432875008.000000 -17.452825546 -31.752094269 -8.326519966 -0.022955507 -0.068147682 0.997382343 0.007504437
1520520820932889856.000000 -17.201824188 -28.716487885 -8.545032501 -0.012396381 -0.139405176 0.984243155 0.108058840
1520520821473655808.000000 -17.361553192 -26.272708893 -8.536932945 0.025248723 -0.091617927 0.980324447 0.173006490
1520520823023751936.000000 -17.925991058 -23.722562790 -8.448274612 0.056601759 -0.088151820 0.977058172 0.185423389
1520520823523867648.000000 -18.015213013 -23.628450394 -8.390252113 0.040397555 0.055416923 0.982022047 0.175864801
1520520823973925632.000000 -18.162498474 -23.364685059 -8.455463409 0.045627914 -0.054883018 0.967837870 0.241235688
1520520824523863296.000000 -18.250972748 -23.134733200 -8.365643501 0.068207338 0.011670795 0.977980435 0.196887344
1520520825373928704.000000 -18.453126907 -22.829086304 -8.025569916 0.034754902 0.016200917 0.981984496 0.185027227
1520520825623972096.000000 -18.528148651 -22.720182419 -7.945898056 0.043020800 -0.051099122 0.972005904 0.225258440
1520520826023915776.000000 -18.681158066 -22.634408951 -7.932487965 0.025735309 -0.021126455 0.977139473 0.209972739
1520520826723982848.000000 -19.150457382 -22.525291443 -7.920845985 0.017432233 0.020454004 0.993344367 0.111998111
1520520826923988992.000000 -19.307689667 -22.444778442 -7.956056595 0.004367384 0.027094094 0.990389824 0.135549694
1520520827224020992.000000 -19.570541382 -22.261360168 -7.963270664 0.017275125 -0.009750817 0.988869905 0.147450253
1520520827624017152.000000 -19.918281555 -21.969419479 -7.974827766 0.024158085 0.006778354 0.990476370 0.135373235
1520520828424055296.000000 -20.399063110 -21.160650253 -7.926318645 0.015154758 0.013566269 0.988752186 0.148169562
1520520828624061440.000000 -20.505823135 -20.921400070 -7.933521271 0.007959670 0.006281020 0.988594770 0.150254726
1520520828824122368.000000 -20.610168457 -20.681459427 -7.932731152 0.021029653 0.017544581 0.992847025 0.116205335
1520520829024129280.000000 -20.701902390 -20.449506760 -7.918195248 0.009135410 0.032184005 0.991696894 0.124164172
1520520829474163712.000000 -20.878637314 -19.924936295 -7.904372215 0.027517289 0.035088442 0.988938451 0.141460612
1520520829724173568.000000 -20.982822418 -19.632328033 -7.931854248 0.020765921 0.039176881 0.988227367 0.146422580
1520520830474264832.000000 -21.394943237 -18.716249466 -7.959484577 0.036155984 0.073493116 0.981173873 0.174894810
1520520830724272896.000000 -21.561208725 -18.406818390 -7.937432289 0.027318254 0.051073123 0.972012579 0.227674559
1520520830974305792.000000 -21.729446411 -18.071567535 -7.958000183 0.023936836 0.042052265 0.976442993 0.210277125
1520520831224305920.000000 -21.876525879 -17.741535187 -7.907536507 0.025609899 0.030721322 0.981857896 0.185349241
1520520831974281728.000000 -22.309322357 -16.687047958 -7.939620972 0.015062612 -0.000528106 0.985545993 0.168733329
1520520832224272384.000000 -22.428516388 -16.354263306 -7.916485786 0.011636566 0.014509607 0.989917278 0.140416890
1520520832474262784.000000 -22.542737961 -16.013622284 -7.971464157 0.020528104 0.039734218 0.989248157 0.139236391
1520520832724271872.000000 -22.679035187 -15.685519218 -7.938090801 0.021265185 0.026313167 0.981815040 0.186798349
1520520832974314496.000000 -22.815946579 -15.346151352 -7.974222183 0.024838047 0.030053789 0.981256187 0.188719556
1520520833224322560.000000 -22.927677155 -14.984626770 -7.934997559 0.011635696 0.029743129 0.987429202 0.154797360
1520520833474350336.000000 -23.028194427 -14.621919632 -7.944691181 0.021197371 0.019192638 0.991455615 0.127265751
1520520834224333824.000000 -23.374309540 -13.570890427 -7.927465916 0.002096921 0.021423118 0.988568366 0.149224788
1520520834474348288.000000 -23.469552994 -13.216424942 -7.937266827 0.017507477 0.023427267 0.991620839 0.125822976
1520520834724356096.000000 -23.563928604 -12.845249176 -7.934385300 0.025264049 0.016847948 0.991594791 0.125763893
1520520834974340096.000000 -23.662263870 -12.486995697 -7.928544044 0.012466405 0.005383261 0.990165234 0.139238268
1520520835224347136.000000 -23.762441635 -12.112887383 -7.931806087 0.004780117 0.011537257 0.994256079 0.106291749
1520520836274367488.000000 -24.089904785 -10.591721535 -7.931137562 -0.000046068 0.004382182 0.994888723 0.100877099
1520520836524372224.000000 -24.142862320 -10.229857445 -7.928348064 0.013897708 0.006936813 0.997248828 0.072470993
1520520837024375296.000000 -24.260358810 -9.507945061 -7.926951408 0.003252612 0.002095179 0.993756056 0.111502036
1520520837274382336.000000 -24.319116592 -9.134594917 -7.939555168 -0.000467144 -0.003632151 0.995714426 0.092401445
1520520837524402176.000000 -24.354150772 -8.777879715 -7.917446136 0.009137133 0.002529668 0.998042107 0.061810069
1520520838024470016.000000 -24.437067032 -8.046829224 -7.936037064 0.009068785 0.015183222 0.995692790 0.091004238
1520520838274416128.000000 -24.486660004 -7.668486118 -7.966413498 0.010364392 -0.002632780 0.997825742 0.065026164
1520520838524424192.000000 -24.523517609 -7.303362846 -7.924223423 0.010540962 0.004110565 0.999131858 0.040081378
1520520839024393216.000000 -24.613103867 -6.569235325 -7.941672802 0.020821800 0.016223609 0.995879591 0.086751394
1520520840524427264.000000 -24.693672180 -4.266301632 -7.926990509 0.000774515 -0.002760733 0.999733746 0.022874085
1520520840774407936.000000 -24.687826157 -3.882214308 -7.954170704 0.019851966 0.001224984 0.999798477 0.002497196
1520520841024382464.000000 -24.695428848 -3.508598804 -7.923748970 0.009903847 0.004868517 0.999520540 0.028910672
1520520841274389504.000000 -24.705955505 -3.125946760 -7.965539455 0.009384135 0.006447854 0.999181271 0.038808793
1520520841524412160.000000 -24.708160400 -2.742249966 -7.938009262 0.008900993 0.020609722 0.999703407 0.009383726
1520520841774420224.000000 -24.704490662 -2.351710796 -7.957741737 0.022882728 0.015636632 0.999573350 -0.009165424
1520520842024405504.000000 -24.717401505 -1.966907501 -7.927703381 0.017233346 0.003304681 0.999773562 0.011984733
1520520842524404992.000000 -24.776216507 -1.207374334 -7.938476562 0.020309266 0.023631614 0.999499500 -0.005374286
1520520843024422400.000000 -24.771572113 -0.442844003 -7.935344219 0.036801707 0.023210034 0.999052405 0.000335748
1520520843324410880.000000 -24.735637665 0.017391302 -7.960568905 0.022735721 0.004624426 0.999671459 -0.010842568
1520520843574420480.000000 -24.674505234 0.397920430 -7.920064926 0.020425174 0.004793298 0.998026669 -0.059172392
1520520843824429312.000000 -24.604860306 0.775411844 -7.951525688 0.029361486 0.005858174 0.996368349 -0.079703093
1520520844074390272.000000 -24.544284821 1.146486163 -7.927927971 0.031233355 0.013922117 0.997692406 -0.058645796
1520520844574399488.000000 -24.410104752 1.894622803 -7.908682346 0.022376759 -0.012070072 0.994300902 -0.103528395
1520520844874379008.000000 -24.320587158 2.334184885 -7.946600914 0.033904929 -0.012789864 0.992230654 -0.119013354
1520520845474379776.000000 -24.162582397 3.211102486 -7.948281288 0.008541824 -0.013368402 0.994064569 -0.107623920
1520520846524378880.000000 -23.779966354 4.704117775 -7.951539040 -0.002356574 -0.015979549 0.989979208 -0.140282914
1520520846774368256.000000 -23.687503815 5.048066616 -7.929618835 0.012074164 -0.002820053 0.985977471 -0.166413873
1520520847024377088.000000 -23.590377808 5.404891491 -7.954443455 0.013891369 -0.013633055 0.988158047 -0.152196646
1520520847274368256.000000 -23.512308121 5.749685764 -7.929948330 0.014500441 0.008235991 0.991505206 -0.128989831
1520520847524376320.000000 -23.428483963 6.113551617 -7.956928730 -0.000354517 -0.004068831 0.990428507 -0.137962416
1520520847774379776.000000 -23.345336914 6.460291386 -7.918627262 0.009226532 0.005648199 0.989029646 -0.147316575
1520520848074374656.000000 -23.236829758 6.892078876 -7.938039303 0.011785966 -0.015516777 0.990976870 -0.132605121
1520520848574377728.000000 -23.093158722 7.609793663 -7.942975998 0.009692173 -0.000201545 0.994098604 -0.108040974
1520520848824370688.000000 -23.011840820 7.950435162 -7.923069477 0.013740748 0.016955903 0.992014587 -0.124216698
1520520849074378752.000000 -22.922197342 8.312504768 -7.964965343 0.028925130 0.018957306 0.991797209 -0.123048648
1520520849324368384.000000 -22.856588364 8.662386894 -7.920078278 0.021691797 -0.000340994 0.995888114 -0.087948859
1520520849574376448.000000 -22.769565582 9.030515671 -7.957581520 0.015586004 -0.015014929 0.993340135 -0.113163278
1520520849824367360.000000 -22.662126541 9.377458572 -7.923264980 0.015835682 0.007345478 0.986268938 -0.164218873
1520520850074350848.000000 -22.557474136 9.736471176 -7.950368404 0.019682301 -0.007566308 0.986719847 -0.161053643
1520520850324359936.000000 -22.479347229 10.089086533 -7.927415371 0.011094598 0.006665646 0.992462039 -0.121862814
1520520850574357248.000000 -22.398700714 10.444821358 -7.951289177 -0.012326226 -0.008509539 0.993533492 -0.112542443
1520520850874353152.000000 -22.288284302 10.859170914 -7.923121452 0.006048038 0.002168122 0.993198454 -0.116251923
1520520851174363136.000000 -22.170425415 11.282798767 -7.955515862 0.007089990 -0.002211687 0.995995700 -0.089086033
1520520851424364288.000000 -22.089925766 11.618239403 -7.948372364 0.002382548 0.013282226 0.998237014 -0.057790685
1520520851724375296.000000 -21.979150772 12.038350105 -7.953438282 -0.009590992 0.009281490 0.996897221 -0.077568054
1520520851974383360.000000 -21.870843887 12.374536514 -7.962333202 0.000230925 0.021534162 0.994564235 -0.101866461
1520520853424412672.000000 -21.372600555 14.396573067 -7.981986523 0.016829643 0.015294327 0.997494280 -0.066984765
1520520853774418176.000000 -21.286201477 14.901702881 -8.009571075 -0.004051200 0.017526990 0.996780097 -0.078132585
1520520854724444160.000000 -21.181056976 16.288286209 -8.046636581 -0.006815926 0.019471735 0.999768674 0.005991772
1520520855224454912.000000 -21.186552048 17.028244019 -8.035979271 0.012639428 0.009664758 0.999766111 0.014617646
1520520855474462208.000000 -21.196596146 17.388971329 -8.001454353 0.004065331 0.018469563 0.998664021 0.048079081
1520520855724469248.000000 -21.202213287 17.763921738 -8.041747093 -0.006849256 0.009109443 0.999203742 0.038223229
1520520856274488576.000000 -21.237764359 18.586687088 -8.035730362 0.002333706 0.004727526 0.999586821 0.028236454
1520520856524496384.000000 -21.283349991 18.950487137 -7.999303818 -0.010182406 0.022516172 0.995968640 0.086224683
1520520856774504960.000000 -21.352861404 19.315460205 -8.031804085 -0.022236628 0.003147982 0.993485928 0.111715257
1520520857024507392.000000 -21.462722778 19.654140472 -7.998475075 -0.014715011 0.001629714 0.989090025 0.146562815
1520520857274584320.000000 -21.605760574 19.988586426 -8.040167809 -0.012079243 0.008121600 0.980077803 0.198076874
1520520857574523136.000000 -21.838319778 20.333873749 -8.011501312 -0.027496425 0.013388149 0.947575986 0.318061739
1520520857824531200.000000 -22.083419800 20.585477829 -8.049957275 -0.042798858 -0.003315420 0.921482921 0.386038095
1520520858074539264.000000 -22.368667603 20.774099350 -8.014401436 -0.032847676 -0.011592257 0.891569495 0.451541215
1520520858324549888.000000 -22.681371689 20.912330627 -8.044608116 -0.033737741 -0.005368273 0.842716455 0.537271023
1520520858574557696.000000 -23.005918503 20.954771042 -8.015691757 -0.035426226 -0.027296137 0.749818385 0.660129488
1520520858824570112.000000 -23.334615707 20.914749146 -8.044109344 -0.040656962 -0.041607410 0.662771583 0.746557772
1520520859074586112.000000 -23.646200180 20.787008286 -8.020331383 -0.024355432 -0.047499299 0.588586926 0.806668937
1520520859324593152.000000 -23.921577454 20.595214844 -8.032965660 -0.010215610 -0.044842307 0.482499957 0.874686956
1520520859574613504.000000 -24.152797699 20.352188110 -8.016500473 0.019125387 -0.027343400 0.361206532 0.931888044
1520520859874668800.000000 -24.343122482 20.015970230 -8.000832558 0.054837052 -0.029536992 0.226172358 0.972093284
1520520860224679680.000000 -24.495458603 19.613494873 -7.941798210 0.087726526 -0.006579493 0.150354192 0.984709740
1520520860424731904.000000 -24.566244125 19.391527176 -7.933078289 0.093336515 0.002443468 0.097983286 0.990798056
1520520860674765312.000000 -24.618463516 19.153757095 -7.818848133 0.086845636 0.007679098 0.001912386 0.996189773
1520520860874771200.000000 -24.629682541 18.995044708 -7.747487545 0.073613860 0.011280891 -0.035285935 0.996598005
1520520861174791936.000000 -24.648220062 18.794996262 -7.643401146 0.084921323 0.000907222 0.008538092 0.996350110
1520520861674814720.000000 -24.668792725 18.531032562 -7.498603344 0.068773918 0.021036027 -0.015040249 0.997296393
1520520861974822912.000000 -24.625423431 18.388608932 -7.438817024 0.063469939 0.018703993 -0.064424194 0.995725989
1520520862274831872.000000 -24.622753143 18.231626511 -7.328784466 0.047516640 0.008203735 0.002185359 0.998833716
1520520863074862848.000000 -24.601758957 17.806158066 -7.123143196 0.044770896 0.020951033 -0.063545734 0.996753514
1520520863874879232.000000 -24.617549896 17.360038757 -6.843788624 0.035465024 0.036965858 -0.016485464 0.998550355
1520520864174891264.000000 -24.580873489 17.184997559 -6.784657478 0.044444826 0.031837966 -0.040860545 0.997667491
1520520864624887552.000000 -24.629365921 16.875135422 -6.635635376 0.053638116 -0.000848548 0.041146487 0.997711360
1520520864824890624.000000 -24.656818390 16.694068909 -6.658608437 0.055277728 0.017597174 0.037549336 0.997608900
1520520865074898432.000000 -24.673845291 16.459932327 -6.626892567 0.052028578 0.035108335 -0.003008084 0.998023212
1520520865474912000.000000 -24.715074539 16.076953888 -6.542203426 0.064496763 0.008716839 0.042676043 0.996966243
1520520865674923520.000000 -24.749664307 15.919558525 -6.471551895 0.059827339 0.005958049 0.073569246 0.995475650
1520520865924931584.000000 -24.771875381 15.744503975 -6.416026592 0.060281567 0.038153719 0.048565574 0.996268451
1520520866124958720.000000 -24.762470245 15.631854057 -6.329154015 0.042841122 0.057068922 0.006822399 0.997426748
1520520866374978304.000000 -24.763677597 15.479790688 -6.293217659 0.050524533 0.055555176 -0.003390022 0.997170091
1520520866574984448.000000 -24.804628372 15.371282578 -6.213399887 0.030216200 0.037672177 0.038647253 0.998084724
1520520866875011584.000000 -24.884386063 15.211682320 -6.144067287 0.022462394 0.018537955 0.065226421 0.997444808
1520520867075016704.000000 -24.896257401 15.113662720 -6.058632851 0.002847922 0.036606822 0.007586943 0.999296248
1520520867275039744.000000 -24.889093399 15.011742592 -5.996466160 0.019986544 0.035307698 -0.031898707 0.998666644
1520520867475045632.000000 -24.902624130 14.901672363 -5.919454098 0.051640138 0.010212311 0.000141333 0.998612821
1520520868075057664.000000 -24.971452713 14.602094650 -5.739730358 0.043512989 0.028497482 0.003721200 0.998638690
1520520868325065728.000000 -24.950185776 14.480556488 -5.652698040 0.052570339 0.028026383 -0.051912289 0.996872485
1520520868875061760.000000 -25.001291275 14.190690994 -5.488404274 0.057506416 0.001951001 0.037385620 0.997642279
1520520869325078784.000000 -24.978967667 13.966738701 -5.325612545 0.047592182 0.036981855 -0.063529365 0.996157646
1520520869575086848.000000 -24.952894211 13.833329201 -5.289291382 0.058599435 0.017247494 -0.065152876 0.996003330
1520520870275091712.000000 -24.968133926 13.456895828 -5.037124157 0.063184842 0.017890465 -0.024004793 0.997552156
1520520870675102464.000000 -24.960834503 13.258407593 -4.937566280 0.079454035 0.002977423 -0.036390871 0.996169031
1520520870875134720.000000 -24.969261169 13.173589706 -4.849411964 0.070439965 -0.004177233 0.000982346 0.997506261
1520520871375168768.000000 -24.970214844 12.914857864 -4.735201836 0.039838277 0.033190448 -0.036977142 0.997969329
1520520871575175680.000000 -24.945617676 12.823694229 -4.675244331 0.036199335 0.030824421 -0.090807371 0.994732320
1520520872025206784.000000 -24.992319107 12.578050613 -4.514845848 0.075956069 0.003724091 0.035689119 0.996464789
1520520872475219456.000000 -25.007040024 12.356257439 -4.405668736 0.027898559 0.044157751 -0.049156871 0.997423828
1520520872925228288.000000 -25.013484955 12.116710663 -4.310143948 0.026038950 0.011051050 -0.016520226 0.999462843
1520520873275238400.000000 -25.078008652 11.918466568 -4.197273254 0.049532097 0.004662887 0.043475240 0.997814417
1520520873475259392.000000 -25.083263397 11.814087868 -4.130485058 0.022276143 0.036290795 -0.007614750 0.999063313
1520520874075271168.000000 -25.092351913 11.467218399 -3.931598663 0.019307638 0.006165788 0.002193978 0.999791503
1520520874525275136.000000 -25.119287491 11.179976463 -3.836190462 -0.011952006 0.028688788 -0.040220849 0.998706818
1520520875025295872.000000 -25.086650848 10.811545372 -3.781508923 -0.007144890 0.022938874 -0.102634914 0.994428396
1520520875275303936.000000 -25.116525650 10.564583778 -3.727503538 0.032975245 0.006860816 -0.019962408 0.999232531
1520520875525323008.000000 -25.149265289 10.284767151 -3.758129835 0.033676323 0.028021444 0.013491502 0.998948157
1520520876025373696.000000 -25.140333176 9.704107285 -3.763399124 0.024072688 0.006059718 -0.059529528 0.997917175
1520520876525410560.000000 -25.180597305 9.081473351 -3.706130505 0.072633617 -0.002460057 0.018569283 0.997182190
1520520877425409536.000000 -25.161293030 8.406622887 -3.428478003 0.067475244 0.016012508 0.022998266 0.997326732
1520520877675418368.000000 -25.145956039 8.273081779 -3.415675163 0.039889220 0.006889354 0.021322841 0.998952270
1520520878475463168.000000 -25.035104752 7.873196125 -3.174361467 0.037895381 0.013128016 -0.026097361 0.998853981
1520520878875467520.000000 -25.053833008 7.666285515 -3.110634089 0.059346195 0.025123155 0.021997180 0.997678220
1520520879175475456.000000 -25.046134949 7.510259151 -3.016524553 0.005489697 0.049172062 -0.055053283 0.997256279
1520520879425483520.000000 -25.022216797 7.364436150 -2.976599693 0.019501332 0.050381705 -0.089362659 0.994532287
1520520879875521280.000000 -25.075309753 7.056691647 -2.820904493 0.044540878 0.010663902 0.039012495 0.998188019
1520520880125529344.000000 -25.101989746 6.847605228 -2.850253582 0.043255422 0.019041892 0.031154936 0.998396099
1520520880375541504.000000 -25.099760056 6.634378433 -2.827273130 0.031842586 0.033912506 -0.012720861 0.998835862
1520520880675551488.000000 -25.124668121 6.364363670 -2.804652452 0.035082284 0.013449717 0.004561410 0.999282897
1520520880925568768.000000 -25.178966522 6.176959991 -2.696471214 0.058654889 0.008430807 0.086734779 0.994466960
1520520881175584256.000000 -25.212753296 6.016784668 -2.674502611 0.057317384 0.012425924 0.087761074 0.994413018
1520520882375624192.000000 -25.282581329 5.383924961 -2.287317991 0.057030655 0.010736275 0.060696304 0.996467292
1520520882625632256.000000 -25.247953415 5.275137424 -2.184408665 0.051001363 0.024903139 -0.015904695 0.998260677
1520520883475630080.000000 -25.172365189 4.868925095 -1.993697882 0.036304712 0.031820476 0.017314356 0.998683393
1520520884025652224.000000 -25.067569733 4.624700069 -1.844974518 0.037108857 0.040278953 -0.097052813 0.993770719
1520520884525655296.000000 -25.108541489 4.347357273 -1.691147804 0.035216853 0.005953384 0.054612793 0.997868001
1520520884925677056.000000 -25.063251495 4.138272762 -1.537508130 0.038708232 0.032425281 -0.060896650 0.996865511
1520520885175686400.000000 -25.050941467 4.004948616 -1.486362696 0.040881466 0.005993680 -0.053426668 0.997715950
1520520885425672960.000000 -25.092554092 3.869359732 -1.381571293 0.027113914 -0.007146236 0.020892464 0.999387801
1520520886125681408.000000 -25.107015610 3.494526863 -1.171852589 0.045981202 0.013929212 -0.084650569 0.995251179
1520520886425661184.000000 -25.108776093 3.327835560 -1.054779172 0.042825550 -0.014591770 -0.033419967 0.998416305
1520520886825667584.000000 -25.142219543 3.119222641 -0.962513626 0.046562742 0.010661261 -0.026766861 0.998499155
1520520887075675392.000000 -25.112392426 3.007387400 -0.870675862 0.024476532 0.021167802 -0.096061610 0.994848728
1520520887325675008.000000 -25.092044830 2.864123583 -0.834032178 0.022223322 -0.001992316 -0.068750225 0.997383833
1520520887675688704.000000 -25.103616714 2.651326656 -0.711197317 0.026296882 0.005226312 0.005158338 0.999626637
1520520887875695872.000000 -25.106445312 2.531844854 -0.679417312 0.015184301 0.003464848 -0.016345516 0.999744475
1520520888425720064.000000 -25.003606796 2.162328482 -0.536087453 0.016712137 -0.010167838 -0.113312133 0.993366301
1520520888625728000.000000 -24.925714493 2.017955065 -0.434243262 -0.003808963 -0.031582866 -0.127610087 0.991313457
1520520889025740032.000000 -24.703418732 1.744518280 -0.379412472 0.022175049 -0.024126174 -0.261164427 0.964737415
1520520889675731456.000000 -24.135763168 1.458297253 -0.385525942 0.032423656 -0.032526392 -0.548528671 0.834868729
1520520889925739264.000000 -23.864116669 1.396496534 -0.342247725 0.043813933 -0.020006031 -0.593390942 0.803471208
1520520890175724032.000000 -23.560327530 1.341034412 -0.365585536 0.032066271 0.013126315 -0.622658014 0.781725705
1520520890475733248.000000 -23.200012207 1.326185942 -0.330453545 0.013017097 0.030347565 -0.697267532 0.716049016
1520520890775721984.000000 -22.821187973 1.337303758 -0.383422703 0.011899746 0.010711973 -0.711470187 0.702532649
1520520891225714944.000000 -22.237686157 1.331049442 -0.345728993 0.023035917 0.018640095 -0.705863714 0.707726598
1520520891525733376.000000 -21.851987839 1.347559929 -0.313168108 0.024400255 0.022940315 -0.750852883 0.659618735
1520520891875727616.000000 -21.384243011 1.392324924 -0.352128357 0.028217956 0.013735425 -0.757378101 0.652220607
1520520892225740800.000000 -20.925838470 1.411266208 -0.356157273 -0.000858526 0.011742759 -0.742555797 0.669679463
1520520892625766144.000000 -20.396554947 1.443242073 -0.330921352 0.012329613 0.000295150 -0.778595686 0.627403140
1520520892925776128.000000 -19.985876083 1.483478665 -0.363616288 0.016562175 -0.001988221 -0.774742901 0.632054925
1520520893275774720.000000 -19.505207062 1.496476531 -0.339205414 0.009519598 0.016969187 -0.745758295 0.665931284
1520520893575808512.000000 -19.088006973 1.497873664 -0.310280442 0.014218623 0.025781456 -0.745021105 0.666389585
1520520893825830656.000000 -18.745296478 1.512439609 -0.336726964 0.020838462 0.020806035 -0.747539461 0.663563251
1520520894125839872.000000 -18.328662872 1.528218031 -0.316817462 0.008486717 0.008278965 -0.722464383 0.691305280
1520520894375858176.000000 -17.979337692 1.531156898 -0.348366022 0.000814815 0.016991377 -0.712360561 0.701606631
1520520894625880832.000000 -17.627164841 1.553409934 -0.322247267 -0.006828475 0.015079389 -0.733069539 0.679951131
1520520895125876736.000000 -16.916408539 1.581383705 -0.329945683 -0.003834738 0.005202448 -0.721358120 0.692530811
1520520895375884800.000000 -16.562108994 1.558097959 -0.350688338 -0.001465126 0.007497352 -0.700812697 0.713303328
1520520895625893632.000000 -16.205240250 1.520909071 -0.343223035 -0.004001013 0.004310814 -0.705545485 0.708639145
1520520895875912192.000000 -15.850676537 1.476358652 -0.350177616 0.002211807 0.007606144 -0.698537052 0.715528965
1520520896125920256.000000 -15.489178658 1.415625811 -0.337156117 0.007535892 0.004087485 -0.666552007 0.745408297
1520520896375944704.000000 -15.134341240 1.334931016 -0.326076925 0.004295021 0.017505774 -0.641198754 0.767162263
1520520896626008064.000000 -14.780581474 1.254490852 -0.327067733 0.007463561 0.017437855 -0.661006391 0.750139594
1520520896876016896.000000 -14.441920280 1.191146970 -0.319855481 0.008299983 0.004120364 -0.684190035 0.729244053
1520520897126054400.000000 -14.080023766 1.129775763 -0.329062879 0.015897240 -0.008561411 -0.685288966 0.728046477
1520520897376062464.000000 -13.728925705 1.065455437 -0.312360346 0.008987636 0.002093604 -0.670652628 0.741713226
1520520897576153088.000000 -13.437007904 1.022627115 -0.341918766 0.012758269 0.025551992 -0.689615309 0.723611772
1520520897826161152.000000 -13.093675613 1.008271694 -0.311230868 0.007106448 0.005509185 -0.735545099 0.677414894
1520520898026336000.000000 -12.799996376 1.005762577 -0.348515928 0.025161112 0.005267111 -0.745102406 0.666453302
1520520898226341888.000000 -12.506960869 1.004347086 -0.324497759 0.016186336 0.002756302 -0.727856696 0.685531557
1520520898426972672.000000 -12.220238686 1.003884315 -0.321529984 0.006936618 0.018124031 -0.710353911 0.703576028
1520520898626978560.000000 -11.922986984 1.018413782 -0.344366550 0.003610948 0.024913006 -0.724615633 0.688692212
1520520898827352832.000000 -11.639802933 1.048218489 -0.317483634 -0.013672840 0.021908563 -0.752720237 0.657832503
1520520899027353856.000000 -11.347089767 1.087392330 -0.349440455 -0.000526574 0.008281941 -0.771145165 0.636604011
1520520899478131456.000000 -10.670359612 1.130099773 -0.321277946 -0.010571436 0.015704911 -0.736768246 0.675879002
1520520899679965184.000000 -10.362115860 1.138107419 -0.339693755 0.001787565 0.027982509 -0.730597496 0.682231486
1520520899879972352.000000 -10.078063011 1.153095365 -0.308852851 0.001725237 0.012787087 -0.739244223 0.673312485
1520520900081924864.000000 -9.784834862 1.178020239 -0.336765289 0.002895916 0.006497104 -0.743307412 0.668910921
1520520900281929728.000000 -9.485327721 1.210660219 -0.323743731 0.008362922 -0.004098747 -0.730926812 0.682391167
1520520900483968256.000000 -9.189788818 1.231651425 -0.307235777 0.000024836 0.009449714 -0.712788105 0.701314926
1520520900683975168.000000 -8.883695602 1.249612093 -0.343120396 0.000624608 0.019669292 -0.718107939 0.695652008
1520520900884953856.000000 -8.586853027 1.276221037 -0.313650459 -0.009108613 0.004893186 -0.743372619 0.668796182
1520520901084959744.000000 -8.290760040 1.308842540 -0.333623856 -0.003375299 0.009150350 -0.753543735 0.657324016
1520520901285400832.000000 -7.980236530 1.334043622 -0.335434437 0.005670850 0.016847327 -0.738734186 0.673761129
1520520901485408000.000000 -7.684105873 1.340142369 -0.299300402 -0.002770511 0.021319309 -0.711635411 0.702218890
1520520901685413888.000000 -7.374990940 1.338831902 -0.329427809 -0.003942870 0.033009499 -0.708212912 0.705214858
1520520902084694784.000000 -6.779896736 1.361067414 -0.304722279 0.001961111 0.020171676 -0.732146621 0.680843949
1520520902284700928.000000 -6.472184658 1.371266246 -0.328494668 0.012315365 0.006605164 -0.731478870 0.681719840
1520520902483051776.000000 -6.181707859 1.369387865 -0.291698605 0.002637750 0.000427015 -0.715292573 0.698818505
1520520902683057920.000000 -5.880245686 1.364507318 -0.313654810 0.002450909 0.015878372 -0.708581626 0.705444872
1520520902880699136.000000 -5.582598686 1.372639775 -0.308484167 0.007489047 0.002803586 -0.732662141 0.680544376
1520520903130707968.000000 -5.217535496 1.415625691 -0.314479411 0.008843664 -0.009072994 -0.763053596 0.646209776
1520520903329015552.000000 -4.907800674 1.453981161 -0.336245835 0.023017853 -0.015005337 -0.768283486 0.639518380
1520520903728494592.000000 -4.305750370 1.513651609 -0.326039881 0.003851055 0.017053105 -0.748218298 0.663221180
1520520903928500480.000000 -4.005394936 1.556638122 -0.316027790 -0.001494939 0.012952714 -0.766287923 0.642363489
1520520904329407232.000000 -3.417084217 1.666881204 -0.337634772 0.014128724 0.004839348 -0.762764812 0.646502197
1520520904532954880.000000 -3.122094154 1.713941813 -0.292926073 0.003691962 0.010186442 -0.738718748 0.673925579
1520520904985518080.000000 -2.464790821 1.793514609 -0.314405084 -0.008457731 0.003597216 -0.767655730 0.640795290
1520520905235524864.000000 -2.118260145 1.835711241 -0.328873336 -0.001443343 -0.005358288 -0.776639581 0.629919171
1520520905435579904.000000 -1.825575829 1.869836688 -0.330133438 0.015200617 0.008931111 -0.763900161 0.645092368
1520520905685539072.000000 -1.473639965 1.903325319 -0.302011639 -0.000374070 0.009809801 -0.742890060 0.669340193
1520520905935546880.000000 -1.113425374 1.938652873 -0.329784721 0.004250571 0.033515796 -0.747600853 0.663287163
1520520906185554944.000000 -0.764757931 1.978345871 -0.314401001 -0.008480933 0.015617471 -0.773779035 0.633204639
1520520906635568896.000000 -0.101449095 2.028326511 -0.319885284 -0.003664233 0.006075846 -0.752182364 0.658915222
1520520906835575040.000000 0.210597813 2.040603399 -0.326711178 -0.001979184 0.021929722 -0.737018645 0.675512552
1520520907083745280.000000 0.591267824 2.055711508 -0.323630333 0.009691429 0.027153322 -0.741698563 0.670111895
1520520907581750272.000000 1.323321342 2.065877438 -0.366568983 0.012350953 0.020510696 -0.682693839 0.730311096
1520520907830129408.000000 1.656580567 2.012902498 -0.346401811 -0.000406903 0.017756013 -0.624707401 0.780655801
1520520908030136576.000000 1.917290807 1.928901553 -0.357170165 0.011278898 0.034742050 -0.576535940 0.816253841
1520520908228881664.000000 2.144823074 1.814401507 -0.341319770 -0.003270976 0.031113334 -0.520249844 0.853439987
1520520908428887808.000000 2.341977596 1.669832587 -0.346296728 -0.000047447 0.038329240 -0.429827005 0.902096450
1520520908677924608.000000 2.533161879 1.452659369 -0.351598114 0.004795128 0.040495224 -0.292378992 0.955431879
1520520909177499136.000000 2.689653873 0.939577818 -0.356128782 0.008190288 0.020161405 -0.124420896 0.991990209
1520520909427135232.000000 2.696197033 0.669003665 -0.350475818 -0.001688869 0.011322975 -0.089701369 0.995902240
1520520909827382272.000000 2.614818096 0.193569124 -0.338703454 0.004445879 0.016694114 0.001848957 0.999848247
1520520910027388160.000000 2.528748035 -0.030800082 -0.327428222 0.009225351 0.021995373 0.029823199 0.999269545
1520520912827795712.000000 0.067355633 -2.199249029 -0.151132047 0.024888542 -0.008573033 0.006024662 0.999634266
1520520915776877568.000000 0.653693259 -1.146657467 -0.441338152 -0.064521573 0.021100407 0.057122093 0.996055543
1520520918527501056.000000 1.754710436 -2.233473301 0.092995353 0.022116205 -0.024717046 -0.127738267 0.991252124
1520520921327203072.000000 0.063404366 -1.180387378 -0.527629375 -0.073024057 -0.049892213 -0.127681449 0.987863362
1520520924277116160.000000 1.007815838 -1.791004539 0.114421010 0.108884692 0.048873827 -0.316633195 0.941008568
1520520927177662720.000000 0.803930700 -1.724014759 -0.239236549 0.051223662 0.043737195 0.035555493 0.997094512
1520520930127255552.000000 -0.058762103 -1.778620958 -0.044475950 -0.275700331 0.010072867 0.092362583 0.956742048
1520520932877242368.000000 1.072182417 -1.561994433 -0.057848491 -0.073211044 0.049461532 -0.084286749 0.992515922
1520520935777553664.000000 0.757918656 -1.618663549 -0.073046610 -0.020670418 -0.257467777 -0.118753664 0.958738387
1520520938477643008.000000 0.715947032 -1.640980363 -0.079606667 -0.034814246 0.048727892 -0.033689044 0.997636020
1520520938777686016.000000 0.846209526 -1.647207260 -0.089564554 -0.011901918 -0.187508598 -0.034668487 0.981578290
1520520939077694976.000000 1.018237710 -1.667250276 -0.131880552 -0.023303272 -0.094222955 -0.056322690 0.993682981
1520520939427731968.000000 1.189969420 -1.673649430 -0.136458755 -0.006984146 0.012303538 -0.030863736 0.999422967
1520520939727715840.000000 1.309988141 -1.649799347 -0.128919005 -0.005474830 0.004464597 -0.009202406 0.999932349
1520520940027704832.000000 1.464410424 -1.587699413 -0.113343261 -0.006627913 -0.006737997 0.009648656 0.999908507
1520520940327714816.000000 1.617409706 -1.536263347 -0.093240790 -0.022917096 -0.009658077 0.007123205 0.999664962
1520520940677726720.000000 1.773854971 -1.516007304 -0.078215957 -0.015705923 -0.015097694 -0.037477974 0.999059498
1520520941027753728.000000 1.872956514 -1.515380859 -0.092605948 -0.030794159 -0.011601344 -0.124514945 0.991671622
1520520941377807616.000000 1.807498574 -1.532728195 -0.096181802 -0.033803515 -0.010114024 -0.086389855 0.995636106
1520520941727846400.000000 1.626628637 -1.556379795 -0.100724027 -0.044193700 -0.023739522 0.014192087 0.998639762
1520520942027857664.000000 1.522834301 -1.546467066 -0.090447515 -0.040409222 -0.027797593 0.086051382 0.995082438
1520520942327867648.000000 1.572060823 -1.531032205 -0.096613526 -0.040350001 -0.010613275 0.032740328 0.998592377
1520520942627846912.000000 1.672161937 -1.515874028 -0.115264438 -0.039742876 0.014882658 -0.123214394 0.991472006
1520520942977881088.000000 1.626874208 -1.516617298 -0.114592187 0.007032554 0.024553858 -0.222585931 0.974578261
1520520943277804544.000000 1.396014690 -1.557431817 -0.112463415 0.022066448 -0.003281413 -0.149066344 0.988575280
1520520943627816448.000000 1.098593235 -1.548939943 -0.124471858 -0.003837582 -0.029869765 -0.042403020 0.998646438
1520520943977765120.000000 0.870757043 -1.505352974 -0.123589404 -0.022167739 -0.040400788 0.018214310 0.998771429
1520520944277803520.000000 0.745777011 -1.484490991 -0.103149705 -0.037436742 -0.016768685 0.048375484 0.997986376
1520520944627881216.000000 0.623336554 -1.487815738 -0.075135618 -0.025917685 -0.022069745 0.040151026 0.998613477
1520520945127867136.000000 0.516519308 -1.493870497 -0.075717196 -0.014806082 -0.008711381 -0.009754005 0.999804795
1520520945627963648.000000 0.487567782 -1.483525038 -0.077157125 -0.013653500 -0.001907627 -0.017412636 0.999753296
1520520946027877888.000000 0.498885334 -1.477702618 -0.079461880 -0.012743034 0.002586267 -0.025178233 0.999598324
