1520530734450154240.000000 0.193399206 -0.069066301 0.047638338 0.007581877 0.001464590 0.999476671 0.031410940
1520530737250261248.000000 -0.296022654 -0.098815799 0.121890873 0.028757971 0.021607971 0.984936655 0.169127747
1520530740100322048.000000 1.158806086 -0.429803520 0.186953217 -0.021056699 -0.014227876 0.999050915 -0.035341375
1520530742800609792.000000 -0.611235380 0.021340184 0.187482104 0.054455843 -0.019463113 0.989086688 0.135503307
1520530745701051136.000000 0.734385252 -0.135597348 0.137707651 -0.035646800 0.022821128 0.883822262 0.465902150
1520530748201276416.000000 -0.040046040 -0.075366005 0.235186383 0.050920296 -0.047382142 0.935425222 -0.346611440
1520530750850617088.000000 0.181060046 0.056095924 0.179883718 0.268411249 0.103123121 0.947928846 0.136931628
1520530753601565696.000000 1.513994098 0.298211694 0.162344307 -0.038045291 0.079576619 0.996043384 0.010762059
1520530756501374720.000000 -0.558030307 0.424912661 -0.001703791 -0.055987518 0.064675897 0.565932512 0.820000827
1520530757951033344.000000 -1.015329242 -0.860074282 -0.039876491 -0.075145051 -0.051530164 -0.129914895 0.987329066
1520530759901607168.000000 1.079118967 -1.355827451 -0.054237146 -0.007518324 -0.048080541 -0.820914090 0.568971932
1520530762501322752.000000 1.541402698 0.659037828 -0.042018261 -0.053804535 0.032497492 0.894647121 0.442327708
1520530764601492224.000000 -0.725069821 0.594504714 -0.023441792 -0.064969324 0.007661541 0.537366688 0.840806723
1520530767251881472.000000 -0.210289806 -1.505630374 -0.040643349 -0.064393766 -0.052001096 -0.635269463 0.767841399
1520530768601892864.000000 1.276774883 -1.485523582 -0.058982622 -0.022173682 -0.057289220 -0.806310236 0.588292062
1520530771351901696.000000 1.496937275 0.682729244 -0.063110843 -0.045143809 0.030719481 0.902356744 0.427515239
1520530772801798400.000000 -0.017039247 0.866613090 -0.034295548 -0.049510363 0.015618861 0.636227429 0.769751668
1520530775551815168.000000 -0.909376800 -1.280599356 -0.061962776 -0.066937335 -0.064907305 -0.331903607 0.938693047
1520530778352201472.000000 1.873810768 -1.083497047 -0.063460603 -0.009115875 0.081260405 0.913609803 -0.398283005
1520530780552302592.000000 1.149983406 0.732757568 -0.081025586 -0.086707398 0.030134141 0.809104979 0.580448508
1520530783252154880.000000 -1.199034691 -0.304401815 -0.056677211 -0.066369511 -0.026952457 0.177390411 0.981529474
1520530784502440192.000000 -0.549984157 -1.406045079 -0.076388188 -0.059148904 -0.052532099 -0.453488410 0.887743473
1520530786802384384.000000 1.851069808 -1.241499424 -0.052514929 0.019685159 0.057776101 0.872336209 -0.485079408
1520530789752358912.000000 0.505433679 0.834952891 -0.039398130 -0.044280641 0.017980376 0.773666978 0.631785512
1520530792602042368.000000 -1.078393102 -0.869490862 -0.087937027 -0.040330056 -0.050364308 -0.217508078 0.973922729
1520530795452705792.000000 1.652772903 -1.024337053 -0.100432925 -0.002029173 0.061070066 0.875494599 -0.479347259
1520530798402510592.000000 0.420583189 0.760616302 0.172362745 -0.008022421 -0.010620989 0.709034026 0.705047011
1520530801202107648.000000 -1.067871094 -0.841204703 0.264082789 0.053744040 0.015689578 -0.179493934 0.982163727
1520530804002792192.000000 1.562521100 -1.181547642 0.167934179 0.005064738 0.000557582 -0.832081974 0.554627061
1520530806853026816.000000 0.671658576 0.859756351 0.059034623 -0.044417415 0.046316732 0.785117209 0.616011858
1520530809802638848.000000 -0.815609694 -1.232255340 0.034446977 -0.027047941 -0.039844517 -0.137768790 0.989292145
1520530812703184128.000000 1.880952835 -0.651905119 0.026401639 -0.026449133 0.080906510 0.941587210 -0.325831652
1520530815653071616.000000 -0.304949075 0.708744705 0.033374172 -0.022592919 0.018217422 0.680134773 0.732511163
1520530818253752832.000000 -0.131799877 -1.535191536 0.011147194 -0.024278637 -0.050252628 -0.422780514 0.904511094
1520530821003386880.000000 1.999740362 -0.051996097 0.000099923 -0.016767809 0.061259013 0.995638847 -0.068321198
1520530823753313536.000000 -0.350952059 0.608695090 0.002207130 -0.066904284 -0.009338895 0.616866529 0.784162104
1520530826654030080.000000 0.416676491 -1.488357544 -0.026775885 -0.003093538 -0.058432274 -0.624664783 0.778696597
1520530829603639040.000000 1.381415129 0.807954490 -0.003259033 -0.039208654 0.002984981 0.965346575 0.257989109
1520530832353740288.000000 -1.102023125 -0.255998760 -0.021415733 -0.057171091 -0.044846669 0.279134125 0.957498193
1520530835253856256.000000 1.323727250 -1.469944239 0.027262703 -0.010082590 -0.019311083 -0.760492861 0.648978651
1520530838054142208.000000 1.194192290 0.884422421 0.005314831 -0.076147549 0.026226275 0.907732069 0.411745965
1520530840853759744.000000 -1.073110700 -0.602383375 0.057509236 -0.013067489 -0.059429422 0.111881055 0.991855919
1520530843553985792.000000 1.637567997 -0.840419888 0.046395086 0.019342305 -0.031719357 -0.807933152 0.588099003
1520530846504088832.000000 0.220579267 0.865115643 0.013976395 -0.026030196 0.037110209 0.711293995 0.701430082
1520530849404015360.000000 -0.093043879 -1.268852115 0.104923368 0.027591525 0.003043731 -0.359434664 0.932756424
1520530852054301184.000000 1.835566878 0.041457109 0.028403465 -0.028219532 0.039630674 0.991979003 -0.116657794
1520530854904206080.000000 -0.699961662 0.172362804 0.160082176 -0.050205778 0.007674398 0.437172741 0.897941649
1520530857604652032.000000 0.677200675 -1.302088022 0.035022132 -0.057539206 -0.080881044 -0.681080341 0.725448132
1520530860254876672.000000 1.576786399 0.635593355 0.006320089 -0.073085621 0.080209397 0.962526023 0.248529434
1520530863154636800.000000 -0.699093163 -0.594628453 0.338116467 0.093300633 -0.101009592 0.156514511 0.978056014
1520530866105678080.000000 -0.336676180 -0.802292585 -0.099737257 -0.269234061 0.025645725 0.277143747 0.921979010
1520530868154267648.000000 0.683615983 -0.779172301 0.476013780 0.174193367 0.225361720 -0.275957108 0.917995334
1520530868504277504.000000 0.272455066 -0.925517917 0.219867527 0.059499718 0.086992621 0.016892100 0.994286656
1520530868853948672.000000 -0.192793474 -0.810256720 -0.065388009 -0.229315862 0.017707044 0.240584955 0.942983925
1520530869104715008.000000 -0.436444759 -0.679416060 -0.021001399 -0.288190901 -0.031810220 0.403862923 0.867656589
1520530869405247232.000000 -0.464782715 -0.722549617 0.321974993 -0.037727930 -0.171794489 0.426773757 0.887088835
1520530869705257216.000000 -0.156822547 -0.860215724 0.483455718 0.250166684 -0.160355583 0.213222057 0.930719197
1520530870054117632.000000 0.206433773 -0.931158841 0.392971724 0.274665266 0.022194039 -0.005868088 0.961265445
1520530870353982720.000000 0.372812063 -0.942131162 0.276795805 -0.053310737 0.016102664 -0.093858883 0.994026363
1520530870654329600.000000 0.410092622 -0.927269757 0.200997576 -0.314383805 -0.046214588 -0.059032638 0.946330547
1520530871005245184.000000 0.400253952 -0.931671560 0.327380329 0.151716441 -0.045150649 0.093315698 0.982972562
1520530871355257088.000000 0.392835915 -0.927219331 0.333598554 0.035152905 0.032663018 0.012046132 0.998775184
1520530871704165888.000000 0.349417895 -0.900970817 0.300842017 -0.054028142 0.024696143 -0.446294487 0.892911911
1520530872054382592.000000 0.229947075 -0.960568905 0.292393893 -0.010788149 0.063601829 -0.151873708 0.986292183
1520530872454468096.000000 0.100785933 -0.972001553 0.346505344 0.207414478 -0.039756570 0.052887179 0.976012886
1520530872854152192.000000 0.129716724 -0.927257180 0.276068389 0.094135270 -0.475559175 -0.103888847 0.868440390
1520530873204340992.000000 0.255968511 -0.817269027 0.172752872 -0.047439173 -0.223708525 -0.333521634 0.914585590
1520530873604880384.000000 0.238901943 -0.817532241 0.165122285 -0.142822027 0.270433396 -0.161765397 0.938242674
1520530873904909312.000000 0.049156383 -0.874292850 0.129522100 -0.011574904 0.129593372 0.125155106 0.983568788
1520530874254431488.000000 0.038537670 -0.873417854 0.147025600 0.212112024 -0.135909349 0.062404964 0.965734184
1520530874654208768.000000 0.222229406 -0.820830584 0.036557447 0.175153345 -0.125725225 -0.077368408 0.973410726
1520530874954218752.000000 0.360537827 -0.756180048 0.000326566 0.101403862 -0.098223090 -0.111939393 0.983635545
1520530875454345728.000000 0.542824090 -0.665955544 -0.016438995 0.069835924 -0.063111208 -0.118426695 0.988491237
